1 165 15 
2 231 204 
3 90 247 182 
4 223 44 164 
5 112 138 174 
6 20 97 
7 225 80 168 
8 244 137 148 
9 78 286 210 
10 128 117 8 
11 43 118 256 
12 266 282 48 
13 212 4 150 
14 197 130 51 
15 18 200 131 
16 56 234 83 
17 199 92 177 
18 59 24 152 
19 260 100 277 
20 155 82 246 
21 124 9 76 
22 62 69 172 
23 37 41 207 
24 262 75 292 
25 186 139 45 
26 170 189 122 
27 17 5 269 
28 104 268 68 
29 55 236 0 
30 143 113 134 
31 73 47 93 
32 106 146 193 
33 224 194 271 
34 284 89 188 
35 149 22 36 
36 272 21 228 
37 217 196 142 
38 14 72 239 
39 192 297 278 
40 226 116 255 
41 289 108 185 
42 136 176 96 
43 57 162 205 
44 94 159 232 
45 91 60 261 
46 219 26 29 
47 135 257 250 
48 275 169 46 
49 259 252 287 
50 12 190 16 
51 126 88 230 
52 160 85 227 
53 61 10 125 
54 209 206 296 
55 132 235 214 
56 23 25 141 
57 202 208 99 
58 298 253 66 
59 245 110 251 
60 285 156 181 
61 158 242 119 
62 258 2 65 
63 161 267 70 
64 133 49 191 
65 147 157 279 
66 293 294 175 
67 6 270 153 
68 3 63 151 
69 7 121 54 
70 71 184 144 
71 79 81 103 
72 102 13 58 
73 74 67 42 
74 87 120 140 
75 109 145 288 
76 211 201 154 
77 98 213 195 
78 248 238 114 
79 163 171 30 
80 183 240 77 
81 40 283 249 
82 86 27 222 
83 274 28 237 
84 84 216 11 
85 107 173 254 
86 33 38 111 
87 53 39 291 
88 167 187 290 273 
89 295 281 265 
90 115 203 50 
91 64 280 198 129 
92 178 243 105 
93 32 221 263 
94 179 101 241 
95 35 31 19 
96 233 276 218 
97 -1 52 123 1 
98 166 95 34 
99 215 127 264 
100 220 229 180 
