1 79 98 183 201 275 342 399 529 600 720 825 980 1072 1167 1197 1321 1381 1478 1572 1607 1711 1771 1822 1949 2056 2104 2233 2327 2411 2522 2618 2665 2753 2810 2926 2994 3068 3164 3221 3283 3382 3459 3555 3737 3780 3822 3867 3942 4029 4071 4128 4181 4295 4348 4428 4497 4589 4669 4763 4844 
2 78 138 218 253 333 393 479 524 624 743 829 890 1000 1112 1172 1212 1264 1357 1449 1538 1562 1666 1789 1853 1964 2021 2117 2216 2258 2344 2453 2521 2565 2626 2688 2716 2808 2937 3002 3087 3189 3307 3419 3473 3548 3640 3682 3706 3761 3790 3845 3921 3963 4022 4112 4186 4285 4370 4417 4505 4576 4673 4758 4848 
3 77 210 296 354 394 476 536 667 732 785 832 921 993 1075 1192 1311 1415 1510 1591 1683 1719 1800 1865 1932 1999 2090 2164 2287 2365 2446 2609 2722 2758 2820 2909 2943 3026 3110 3213 3323 3370 3430 3489 3601 3690 3776 3853 3898 3960 4099 4198 4247 4327 4455 4573 4679 4740 4797 7448 
4 76 110 223 258 345 490 573 729 765 815 959 1084 1142 1193 1316 1399 1439 1517 1554 1654 1768 1804 1872 1962 2015 2138 2189 2267 2312 2393 2467 2564 2637 2760 2858 2904 3000 3107 3215 3287 3336 3412 3468 3586 3696 3755 3836 3934 4007 4062 4168 4229 4284 4333 4400 4431 4473 4530 4649 4674 4723 4811 
5 75 136 247 382 423 502 632 695 872 948 1027 1165 1246 1373 1473 1555 1621 1693 1802 1889 1958 2007 2070 2176 2245 2298 2356 2434 2558 2619 2661 2699 2745 2851 2920 3035 3118 3222 3295 3434 3522 3550 3592 3639 3714 3838 3873 3907 4045 4117 4232 4323 4365 4433 4489 4554 4597 4656 4719 5006 
6 74 139 195 305 363 445 514 620 662 800 822 858 934 995 1141 1166 1208 1297 1345 1396 1454 1598 1629 1658 1695 1786 1867 1942 2048 2165 2255 2357 2418 2509 2624 2727 2811 2894 3016 3084 3159 3210 3270 3349 3390 3469 3490 3578 3689 3771 3837 3995 4070 4129 4315 4389 4465 4614 4671 4806 
7 73 112 196 248 372 430 511 585 690 748 827 899 949 1025 1210 1365 1445 1501 1619 1728 1828 1940 2061 2129 2209 2283 2343 2383 2470 2516 2580 2687 2802 2890 3003 3052 3130 3312 3377 3441 3539 3636 3721 3843 3914 3994 4033 4194 4261 4379 4494 4626 4721 7576 
8 72 154 295 352 449 518 584 678 754 869 939 1058 1186 1305 1375 1431 1487 1565 1622 1706 1844 1918 1995 2067 2178 2234 2332 2436 2463 2526 2595 2663 2790 2888 2970 3044 3136 3190 3237 3291 3317 3440 3498 3585 3644 3731 3802 3874 3955 4057 4188 4240 4278 4368 4461 4551 4582 4646 4750 4845 5138 
9 71 83 123 188 278 329 435 538 714 820 951 1016 1086 1177 1237 1284 1356 1460 1631 1792 1848 1925 2016 2100 2160 2228 2305 2382 2440 2543 2676 2738 2853 2944 3054 3176 3204 3265 3316 3403 3552 3660 3759 3875 3933 4038 4085 4167 4225 4339 4397 4503 4538 4657 4736 4795 5388 
10 70 99 143 267 331 412 526 657 724 823 906 1031 1097 1156 1236 1310 1411 1499 1618 1674 1731 1779 1842 1965 2053 2089 2246 2320 2408 2506 2590 2658 2766 2818 2846 2991 3050 3193 3325 3392 3427 3542 3646 3729 3764 3892 3962 4093 4233 4314 4413 4464 4581 4664 4694 4826 4916 5750 
11 69 130 252 322 371 434 539 587 712 782 874 902 937 989 1107 1182 1293 1384 1457 1593 1660 1764 1836 1893 1957 2058 2167 2227 2296 2386 2449 2498 2657 2728 2795 2878 2952 3024 3117 3135 3218 3284 3363 3448 3554 3566 3635 3666 3733 3831 3889 3929 3983 4024 4101 4179 4235 4301 4394 4470 4501 4605 4688 4874 9157 
12 68 121 182 243 308 389 492 578 652 715 801 888 943 994 1037 1133 1262 1315 1390 1453 1523 1584 1645 1740 1851 1919 1998 2079 2173 2211 2273 2407 2474 2540 2623 2712 2752 2824 2906 2983 3096 3141 3202 3292 3391 3435 3546 3626 3722 3827 3886 4002 4060 4130 4255 4366 4437 4500 4567 4686 4788 5675 
13 67 85 177 271 313 421 540 619 694 768 871 911 998 1071 1137 1218 1302 1395 1494 1637 1691 1772 1869 1967 2031 2102 2171 2276 2384 2413 2455 2542 2585 2667 2718 2754 2873 2918 3028 3097 3195 3341 3486 3572 3673 3770 3869 3931 4011 4100 4189 4260 4300 4401 4532 4654 4742 4778 4840 
14 66 209 300 387 455 488 608 669 745 799 897 971 1059 1145 1190 1220 1296 1370 1465 1529 1620 1717 1817 1911 2008 2029 2131 2221 2324 2395 2485 2597 2641 2736 2837 2962 3053 3121 3182 3318 3406 3567 3645 3741 3893 3974 4080 4151 4238 4286 4393 4506 4545 4628 4755 5066 7247 
15 65 106 203 242 385 456 542 612 661 701 833 904 977 1055 1111 1196 1285 1388 1427 1458 1539 1578 1694 1808 1953 2075 2191 2292 2342 2426 2500 2514 2617 2707 2789 2925 3059 3155 3247 3371 3510 3574 3649 3752 3774 3854 3908 3935 3993 4066 4122 4174 4266 4331 4463 4547 4670 4690 4731 4799 
16 64 175 265 356 436 569 708 792 930 1003 1066 1117 1178 1292 1389 1447 1506 1548 1647 1732 1829 1931 1981 2150 2213 2311 2366 2472 2523 2588 2678 2759 2874 2988 3008 3073 3112 3200 3304 3359 3437 3529 3610 3707 3786 3901 3954 4021 4121 4143 4283 4350 4438 4523 4647 4680 4793 8639 
17 63 162 200 302 400 480 562 645 718 751 770 835 901 957 1012 1135 1205 1266 1333 1392 1491 1571 1682 1723 1831 1921 2038 2183 2236 2297 2388 2465 2583 2625 2740 2845 2902 2927 2997 3115 3158 3277 3388 3431 3492 3556 3584 3685 3806 3899 3956 4041 4133 4175 4292 4360 4427 4508 4587 4682 4800 5272 
18 62 159 229 293 360 443 523 630 819 909 967 997 1023 1069 1191 1278 1413 1515 1640 1681 1748 1832 1894 2020 2099 2145 2179 2275 2315 2376 2507 2552 2611 2677 2761 2855 2939 3061 3180 3235 3282 3364 3442 3480 3533 3647 3723 3789 3863 3927 4048 4123 4178 4306 4435 4566 4633 4712 4837 5172 
19 61 151 233 358 457 613 658 747 817 852 920 1008 1062 1130 1206 1289 1441 1489 1553 1587 1641 1741 1788 1868 1948 2094 2194 2274 2369 2466 2508 2593 2705 2778 2868 2923 2999 3046 3109 3161 3252 3395 3460 3530 3579 3605 3665 3725 3888 3976 4052 4091 4192 4259 4319 4380 4548 4620 4699 4843 
20 60 157 224 285 383 485 571 736 883 968 1042 1115 1152 1226 1320 1386 1459 1613 1686 1759 1862 1955 2005 2123 2198 2325 2403 2569 2647 2706 2800 2921 2960 3063 3185 3278 3355 3428 3589 3659 3732 3792 3967 4054 4098 4147 4196 4249 4359 4462 4535 4615 4667 4782 5146 
21 59 144 239 410 499 565 659 726 814 853 966 1113 1241 1308 1412 1564 1690 1742 1837 1920 1973 2045 2124 2206 2284 2350 2464 2518 2601 2631 2734 2786 2859 2924 3051 3126 3236 3298 3401 3495 3558 3637 3727 3820 3925 4042 4103 4135 4185 4275 4429 4529 4617 4724 5019 
22 58 92 131 225 282 337 446 570 603 696 789 916 965 1014 1092 1143 1189 1255 1326 1448 1511 1600 1699 1834 1935 2017 2114 2148 2192 2232 2339 2448 2570 2671 2749 2895 2967 3039 3105 3163 3285 3337 3383 3484 3531 3561 3652 3758 3805 3879 3979 4055 4110 4184 4271 4297 4436 4486 4564 4629 4729 4801 
23 57 100 259 325 377 411 473 515 594 740 843 918 996 1073 1195 1295 1336 1436 1535 1665 1704 1812 1863 1927 2006 2103 2229 2294 2368 2421 2483 2563 2670 2739 2792 2864 2958 3079 3160 3296 3379 3451 3602 3657 3739 3796 3911 4053 4119 4161 4282 4369 4466 4572 4693 4772 5139 
24 56 82 126 152 184 290 367 471 547 628 672 731 865 877 981 1070 1125 1164 1263 1323 1378 1508 1588 1669 1770 1876 1984 2046 2087 2195 2281 2353 2471 2504 2605 2686 2729 2835 2990 3089 3139 3170 3220 3358 3423 3493 3633 3712 3785 3834 3949 3997 4075 4170 4246 4308 4390 4458 4563 4636 4756 4928 
25 55 90 161 262 310 397 555 614 704 762 811 898 975 1114 1185 1256 1318 1461 1546 1616 1648 1709 1757 1798 1877 1926 2034 2121 2172 2286 2360 2406 2525 2581 2604 2690 2813 2887 2984 3093 3231 3367 3418 3426 3514 3580 3699 3728 3897 4030 4131 4202 4290 4388 4478 4558 4631 4684 4734 4859 
26 54 172 240 303 339 416 474 527 593 627 693 788 875 963 1022 1103 1174 1229 1283 1377 1437 1516 1575 1689 1747 1830 1904 2041 2149 2250 2331 2390 2437 2501 2566 2589 2634 2683 2720 2763 2867 2948 3011 3102 3177 3243 3297 3422 3479 3547 3650 3751 3825 3896 4050 4162 4207 4251 4291 4335 4423 4533 4591 4648 4668 4730 
27 53 120 199 260 378 467 566 640 722 784 891 953 1028 1095 1162 1245 1282 1372 1433 1493 1560 1655 1721 1825 1938 1979 2036 2105 2270 2414 2488 2577 2735 2861 2899 2974 3037 3140 3250 3400 3501 3562 3656 3757 3884 3972 4039 4106 4171 4257 4361 4498 4544 4651 4709 4812 
28 52 142 237 306 401 469 583 642 735 824 887 945 1009 1168 1268 1351 1423 1513 1602 1677 1725 1856 1908 2009 2098 2175 2301 2354 2473 2524 2622 2668 2741 2831 2912 2980 3101 3219 3268 3320 3373 3450 3625 3730 3775 3819 3876 3937 4006 4142 4222 4302 4383 4440 4511 4619 4715 4847 7369 
29 51 119 220 319 369 487 552 626 675 771 866 925 1077 1157 1275 1331 1428 1468 1527 1632 1668 1716 1785 1841 1960 1994 2030 2095 2200 2280 2348 2454 2534 2664 2733 2833 2884 3001 3153 3225 3340 3372 3477 3545 3641 3715 3762 3817 3917 4015 4140 4231 4289 4324 4381 4459 4541 4595 4704 4880 
30 50 117 185 221 307 451 517 561 648 702 778 917 999 1100 1242 1309 1346 1451 1521 1570 1656 1678 1778 1793 1939 2092 2166 2279 2372 2445 2515 2644 2681 2767 2849 2938 2966 3055 3146 3206 3326 3420 3508 3638 3677 3719 3833 3948 4034 4116 4176 4262 4334 4439 4519 4613 4706 5034 7903 
31 49 102 206 266 375 460 541 621 670 752 834 910 960 1011 1065 1199 1279 1348 1387 1471 1542 1585 1670 1758 1892 2001 2071 2137 2181 2238 2271 2363 2424 2458 2532 2606 2696 2775 2893 2950 3042 3103 3168 3249 3305 3380 3439 3575 3613 3716 3767 3850 3922 3977 4046 4114 4212 4326 4398 4444 4560 4659 4748 4974 
32 48 109 189 292 405 519 581 655 773 885 982 1091 1170 1270 1379 1446 1536 1638 1702 1796 1854 1937 2002 2106 2147 2241 2377 2412 2457 2547 2592 2640 2730 2807 2871 2914 2953 3025 3078 3138 3227 3324 3433 3513 3608 3658 3726 3872 3996 4073 4150 4274 4358 4447 4492 4561 4616 4708 4780 
33 47 103 176 202 332 384 409 498 596 681 787 810 861 927 984 1050 1104 1244 1369 1402 1480 1537 1594 1635 1676 1733 1754 1794 1870 1914 1966 2064 2157 2224 2299 2358 2476 2560 2700 2756 2901 3017 3091 3165 3229 3273 3365 3491 3532 3622 3694 3781 3848 4004 4108 4159 4228 4354 4412 4517 4579 4666 4733 5057 
34 46 132 250 311 429 477 531 591 699 769 884 915 1038 1068 1082 1121 1224 1322 1349 1400 1496 1545 1685 1743 1819 1875 1982 2023 2143 2174 2336 2402 2480 2600 2636 2715 2796 2839 2891 2992 3014 3056 3172 3269 3348 3414 3527 3598 3701 3803 3870 4000 4069 4165 4250 4280 4364 4424 4537 4593 4702 4775 5128 
35 45 115 236 320 379 482 595 629 774 867 936 1048 1124 1230 1358 1383 1452 1522 1671 1739 1784 1871 1924 1985 2050 2101 2159 2240 2392 2481 2548 2629 2691 2726 2822 2897 2975 3048 3113 3132 3262 3314 3356 3417 3487 3607 3627 3700 3835 3923 4028 4125 4206 4242 4277 4332 4430 4450 4481 4565 4644 4744 4766 5648 
36 44 108 174 330 417 545 635 725 798 868 974 1079 1136 1259 1274 1363 1418 1482 1574 1672 1761 1826 1895 1961 2033 2088 2225 2289 2378 2444 2502 2562 2628 2750 2814 2875 2933 3027 3173 3205 3303 3334 3438 3499 3582 3680 3832 3902 4013 4139 4219 4310 4395 4531 4618 4701 4816 
37 43 141 179 301 426 520 590 647 698 791 857 952 1032 1122 1187 1258 1364 1466 1544 1605 1712 1803 1847 1909 1959 2040 2086 2130 2223 2256 2318 2385 2503 2586 2697 2732 2819 2879 2978 3095 3194 3272 3375 3449 3511 3599 3654 3749 3808 3878 3947 4020 4087 4132 4209 4316 4399 4549 4640 4771 4921 
38 42 86 171 294 365 450 512 589 684 733 812 860 1004 1040 1076 1176 1300 1352 1403 1497 1573 1692 1775 1881 1987 2049 2109 2177 2278 2319 2355 2432 2513 2551 2650 2748 2832 2870 2942 3022 3108 3162 3281 3332 3405 3500 3565 3667 3766 3842 3877 3941 3978 4049 4092 4154 4288 4405 4496 4570 4650 4711 4961 
39 41 93 146 257 364 441 546 606 643 711 780 816 882 922 1087 1184 1261 1344 1463 1532 1657 1750 1799 1860 1990 2068 2118 2161 2239 2313 2427 2539 2642 2744 2825 2898 2922 3060 3119 3166 3280 3351 3455 3481 3528 3616 3734 3791 3913 3966 4032 4138 4213 4276 4345 4403 4457 4543 4599 4739 4813 
40 40 173 207 284 357 472 575 679 741 802 896 978 1081 1144 1231 1280 1376 1485 1505 1577 1628 1722 1850 1943 2035 2127 2293 2373 2451 2490 2559 2649 2770 2911 3041 3098 3245 3374 3461 3535 3596 3687 3816 3932 3987 4058 4169 4273 4375 4477 4562 4602 4749 4883 
41 39 104 198 335 505 557 625 713 809 892 979 1061 1128 1225 1286 1408 1476 1579 1609 1782 1845 1969 2052 2116 2162 2208 2253 2371 2452 2561 2638 2725 2798 2856 3010 3088 3127 3233 3309 3398 3516 3571 3593 3711 3810 3880 3959 4018 4104 4204 4317 4419 4487 4528 4676 4773 7123 
42 38 87 133 279 433 537 633 727 804 846 932 1045 1148 1209 1304 1355 1425 1514 1589 1696 1774 1901 1971 2083 2204 2272 2359 2479 2544 2666 2762 2848 2993 3036 3090 3145 3214 3286 3350 3429 3509 3564 3678 3772 3824 3861 3909 3958 4047 4126 4148 4244 4299 4377 4476 4553 4637 4746 5794 
43 37 84 197 256 314 376 463 554 616 707 730 864 928 991 1096 1175 1214 1252 1325 1419 1488 1543 1633 1763 1833 1906 2063 2156 2254 2323 2438 2537 2582 2639 2731 2843 2913 2940 3004 3031 3099 3179 3259 3339 3411 3518 3576 3619 3693 3830 3864 3905 3969 4037 4097 4241 4337 4351 4422 4491 4524 4611 4681 4743 4787 
44 36 158 219 299 427 516 644 697 790 859 947 1052 1110 1240 1337 1410 1547 1661 1787 1883 1923 2010 2115 2203 2303 2362 2462 2535 2621 2708 2844 2941 3040 3143 3186 3322 3381 3483 3583 3668 3778 3793 3906 3973 4109 4211 4338 4416 4504 4575 4678 4842 
45 35 94 180 230 297 351 408 458 525 649 763 862 1007 1067 1108 1223 1328 1371 1492 1551 1624 1705 1769 1874 1934 2018 2110 2219 2261 2317 2405 2494 2579 2711 2809 2823 2985 3069 3169 3234 3300 3410 3462 3540 3643 3704 3746 3765 3852 3943 4003 4113 4191 4256 4392 4493 4604 4672 4759 5833 
46 34 135 212 317 390 439 508 549 674 719 807 856 907 946 1034 1123 1215 1338 1444 1520 1642 1755 1835 1946 1980 2093 2182 2243 2380 2416 2529 2654 2698 2742 2817 2876 2977 3076 3144 3224 3342 3393 3512 3594 3691 3828 3882 3971 4040 4136 4199 4305 4373 4426 4522 4585 4639 4728 5007 9416 
47 33 122 191 235 277 298 381 442 568 631 687 742 878 983 1060 1093 1155 1301 1350 1417 1519 1581 1615 1703 1780 1846 1879 1956 1988 2062 2091 2152 2263 2337 2450 2517 2616 2693 2746 2838 2917 2946 3066 3148 3197 3216 3257 3301 3344 3446 3526 3648 3756 3871 4008 4157 4221 4281 4357 4467 4495 4526 4592 4665 4790 
48 32 91 164 251 340 386 452 510 582 709 855 931 988 1017 1063 1132 1232 1314 1409 1498 1549 1623 1700 1811 1898 1976 2037 2120 2187 2260 2351 2428 2499 2587 2680 2755 2847 2947 3065 3134 3171 3238 3313 3384 3538 3620 3664 3697 3773 3890 3964 4027 4088 4118 4183 4248 4311 4344 4434 4499 4580 4660 4895 
49 31 124 181 217 269 346 478 601 683 753 808 842 905 1033 1161 1235 1271 1327 1404 1507 1608 1753 1815 1928 2000 2080 2186 2247 2277 2349 2422 2475 2630 2710 2769 2842 2896 2969 3071 3128 3271 3306 3415 3463 3617 3703 3794 3846 3904 3988 4061 4201 4325 4471 4518 4590 4624 4691 4849 
50 30 160 231 350 415 468 543 653 794 886 992 1119 1180 1257 1359 1481 1626 1659 1724 1849 1903 1992 2074 2134 2214 2381 2459 2493 2573 2635 2806 2872 2964 3034 3081 3212 3315 3376 3474 3581 3742 3815 3965 4025 4187 4264 4336 4374 4480 4514 4583 4677 4779 5175 
51 29 169 288 362 461 500 556 604 651 692 749 821 879 964 1030 1138 1234 1288 1361 1380 1502 1580 1630 1767 1843 1933 2078 2146 2237 2314 2404 2572 2652 2713 2772 2860 2989 3038 3124 3188 3267 3331 3452 3553 3628 3688 3753 3844 3938 3986 4036 4067 4137 4254 4408 4475 4634 4732 5244 
52 28 149 255 318 359 470 577 677 766 805 881 969 1035 1106 1171 1233 1267 1394 1469 1568 1651 1734 1790 1866 1968 2026 2059 2126 2196 2340 2430 2553 2674 2788 2865 2945 2996 3045 3092 3156 3232 3330 3366 3389 3471 3537 3595 3642 3744 3797 3881 3968 4043 4094 4146 4224 4367 4448 4502 4556 4622 4726 4768 6298 
53 27 96 116 194 216 264 336 368 431 535 610 682 758 894 986 1056 1120 1169 1330 1429 1474 1583 1650 1715 1776 1858 1891 1917 2022 2096 2133 2199 2307 2423 2487 2555 2662 2719 2780 2834 2955 3070 3106 3175 3279 3385 3507 3560 3621 3710 3783 3858 3920 3957 3998 4078 4172 4269 4396 4469 4559 4612 4727 4803 
54 26 145 205 315 407 506 588 636 738 838 944 1029 1102 1181 1217 1260 1324 1414 1486 1582 1720 1821 1912 2004 2082 2217 2291 2364 2469 2610 2747 2812 2910 3009 3057 3151 3263 3343 3432 3502 3663 3769 3826 3928 3970 4009 4082 4144 4218 4270 4376 4446 4515 4569 4643 4720 4884 
55 25 81 148 270 328 366 438 496 550 599 688 744 828 933 1006 1088 1173 1248 1385 1464 1524 1611 1708 1795 1896 1970 2111 2151 2210 2257 2374 2478 2536 2596 2672 2724 2794 2903 2998 3006 3030 3122 3187 3251 3302 3394 3470 3557 3614 3681 3709 3809 3900 3982 4044 4149 4215 4293 4362 4407 4479 4546 4645 4718 5041 6127 
56 24 95 215 274 380 437 530 646 772 841 926 1010 1083 1139 1281 1416 1456 1528 1592 1614 1745 1824 1950 2051 2144 2205 2304 2346 2425 2495 2576 2633 2721 2764 2799 2816 2905 2987 3012 3062 3209 3299 3369 3457 3515 3606 3662 3695 3738 3782 3839 3894 4051 4156 4252 4353 4404 4452 4527 4600 4695 4791 5876 
57 23 134 232 289 413 453 493 567 641 721 793 850 942 1001 1039 1153 1219 1306 1374 1472 1558 1595 1675 1751 1791 1922 1986 2073 2215 2259 2347 2429 2496 2591 2614 2684 2751 2907 3021 3142 3167 3261 3338 3505 3651 3708 3748 3840 3919 3952 4031 4164 4217 4321 4418 4509 4574 4700 4922 7897 
58 22 113 227 321 391 464 513 579 666 767 847 958 1024 1094 1163 1249 1312 1332 1367 1484 1590 1687 1749 1805 1902 1991 2085 2155 2251 2341 2447 2520 2584 2694 2779 2836 2916 2959 3049 3183 3228 3319 3424 3504 3588 3674 3743 3883 3984 4089 4205 4258 4352 4411 4510 4607 4692 4776 6147 
59 21 80 114 165 254 353 422 564 660 803 863 923 1044 1126 1201 1290 1421 1541 1604 1673 1736 1823 1887 1975 2066 2142 2212 2345 2387 2431 2511 2571 2620 2723 2793 2928 2979 3086 3201 3289 3333 3447 3521 3653 3784 3813 3841 3910 3975 4056 4134 4220 4322 4425 4555 4627 4757 
60 20 105 163 190 263 312 420 532 605 680 795 880 987 1064 1216 1277 1353 1455 1540 1667 1766 1820 1886 1974 2122 2218 2288 2334 2420 2567 2695 2777 2830 2886 2949 3015 3085 3147 3192 3260 3408 3482 3506 3570 3615 3720 3798 3857 3936 4014 4102 4214 4312 4382 4488 4598 4655 4785 5062 
61 19 147 238 348 424 475 560 634 759 851 1013 1090 1213 1343 1420 1490 1576 1627 1701 1756 1907 1989 2044 2113 2170 2235 2309 2389 2497 2568 2669 2782 2862 2961 3007 3104 3191 3275 3436 3523 3591 3679 3750 3795 3924 4005 4120 4200 4245 4296 4343 4449 4540 4609 4714 4900 6106 
62 18 128 186 273 347 425 558 654 777 889 954 1020 1109 1151 1247 1391 1550 1612 1698 1746 1864 1888 1952 2055 2119 2163 2268 2330 2379 2456 2512 2578 2660 2717 2791 2877 2931 2971 3032 3074 3184 3242 3361 3416 3503 3631 3768 3849 3939 4072 4158 4267 4355 4441 4596 4661 4738 4935 
63 17 107 192 324 370 483 572 637 716 760 830 912 1036 1099 1154 1188 1250 1329 1398 1500 1606 1684 1760 1855 1873 1930 2012 2153 2264 2329 2398 2442 2550 2615 2714 2826 2972 3047 3174 3240 3335 3456 3497 3563 3623 3717 3811 3946 4019 4090 4152 4190 4239 4318 4409 4483 4586 4601 4696 4767 5087 
64 16 125 226 343 392 481 586 686 786 908 970 1051 1118 1160 1204 1238 1265 1382 1483 1530 1599 1737 1859 1951 2042 2112 2168 2202 2282 2352 2415 2545 2645 2757 2827 2854 2892 2982 3023 3100 3152 3248 3345 3444 3478 3618 3669 3754 3851 4001 4083 4177 4230 4304 4341 4445 4513 4603 4675 4752 4862 
65 15 140 222 286 388 486 503 598 638 671 717 826 900 956 1026 1101 1149 1200 1251 1273 1342 1406 1450 1533 1597 1663 1773 1839 1900 1997 2065 2140 2190 2295 2400 2460 2575 2651 2737 2804 2908 2951 3018 3137 3203 3254 3288 3362 3404 3454 3496 3600 3692 3804 3855 3940 4010 4068 4166 4253 4378 4415 4490 4536 4610 4689 4821 4964 
66 14 168 234 280 344 462 495 544 664 710 761 854 961 1053 1140 1243 1319 1393 1475 1603 1643 1730 1827 1929 1996 2054 2132 2248 2310 2397 2409 2491 2656 2776 2863 2882 2956 3029 3082 3239 3276 3357 3413 3465 3525 3603 3670 3745 3801 3862 3895 3950 4076 4141 4182 4216 4303 4384 4474 4568 4608 4683 4747 4972 
67 13 111 214 304 404 444 484 507 623 703 756 796 818 929 1054 1089 1158 1291 1339 1401 1512 1569 1639 1738 1810 1916 2047 2169 2249 2321 2410 2510 2602 2685 2840 2929 3019 3080 3154 3274 3396 3453 3549 3632 3718 3856 3961 4016 4203 4265 4309 4363 4421 4482 4552 4623 4697 5223 
68 12 89 137 246 323 373 448 607 723 776 849 914 1019 1150 1239 1317 1438 1531 1586 1652 1713 1807 1880 1977 2027 2135 2185 2230 2361 2441 2541 2673 2704 2787 2900 2963 3067 3111 3150 3207 3244 3266 3352 3458 3519 3629 3672 3814 3951 4012 4081 4173 4263 4342 4385 4420 4512 4632 4687 4725 4809 6918 
69 11 150 204 261 334 466 580 691 728 797 919 1002 1116 1228 1303 1443 1479 1557 1634 1752 1818 1905 1945 2019 2076 2193 2308 2439 2505 2598 2659 2743 2803 2866 2935 2995 3083 3157 3208 3293 3329 3397 3488 3543 3634 3683 3747 3812 3868 4026 4111 4180 4287 4391 4454 4542 4621 4825 5795 
70 10 167 211 245 355 418 534 622 668 746 870 976 1078 1194 1299 1362 1470 1525 1644 1727 1797 1890 1913 2014 2060 2125 2158 2262 2335 2433 2527 2646 2773 2869 2965 3033 3123 3217 3290 3378 3464 3544 3684 3724 3788 3847 3980 4079 4115 4195 4346 4460 4588 4652 4717 4818 6138 
71 9 97 170 228 327 403 491 528 574 706 813 935 1021 1129 1222 1269 1360 1426 1467 1556 1625 1688 1762 1838 1910 1978 2013 2108 2197 2300 2399 2489 2549 2648 2781 2852 2915 3005 3125 3178 3230 3308 3407 3524 3597 3671 3779 3829 3989 4077 4237 4279 4330 4386 4468 4578 4663 4777 6575 
72 8 178 316 398 521 576 639 755 836 893 1015 1085 1183 1221 1307 1347 1407 1462 1566 1662 1744 1884 1915 2028 2154 2252 2338 2417 2482 2546 2613 2689 2805 2880 2919 2957 3043 3149 3226 3347 3425 3517 3590 3624 3713 3821 3885 3981 4084 4193 4307 4410 4521 4658 4751 5605 
73 7 101 187 276 374 428 447 501 548 611 665 764 837 955 1018 1098 1179 1254 1335 1435 1518 1563 1649 1710 1861 1899 1941 2003 2069 2201 2266 2326 2396 2435 2533 2574 2599 2627 2703 2765 2850 2936 3020 3120 3294 3354 3445 3541 3587 3675 3740 3859 3915 3953 4023 4095 4153 4236 4328 4406 4451 4525 4641 4685 4745 4903 9821 
74 6 156 208 326 395 459 551 673 775 873 973 1041 1147 1294 1405 1504 1561 1636 1707 1781 1852 1963 2024 2097 2139 2244 2306 2484 2531 2612 2702 2785 2801 2841 2889 2976 3075 3198 3258 3368 3409 3467 3494 3573 3612 3686 3787 3866 3926 3985 4064 4107 4163 4243 4294 4347 4371 4520 4638 4713 
75 5 118 193 287 361 396 494 559 597 618 685 739 831 895 938 1043 1134 1198 1298 1397 1432 1526 1610 1697 1783 1878 1947 2039 2081 2188 2231 2290 2419 2486 2554 2603 2709 2829 2954 3058 3131 3256 3321 3387 3443 3534 3569 3611 3705 3760 3823 3887 3945 3990 4074 4226 4349 4443 4516 4557 4635 4722 4802 7396 
76 4 129 213 272 338 440 509 553 602 650 779 840 924 985 1049 1146 1272 1366 1424 1495 1552 1653 1726 1816 1857 1936 1993 2032 2107 2207 2316 2367 2461 2538 2632 2701 2784 2857 2885 2986 3094 3181 3246 3311 3360 3421 3485 3577 3702 3800 3865 3912 3999 4086 4227 4268 4372 4456 4550 4662 4707 4869 8448 
77 3 88 244 281 349 406 454 533 676 750 839 913 1046 1105 1211 1287 1341 1430 1509 1567 1646 1718 1801 1840 1944 2077 2141 2226 2269 2328 2391 2477 2608 2682 2774 2828 2932 3064 3196 3241 3327 3386 3466 3559 3698 3818 3891 3944 4017 4063 4124 4223 4320 4432 4484 4584 4705 4761 5360 
78 2 166 249 309 341 419 489 563 609 689 757 844 903 940 972 1047 1159 1227 1340 1422 1477 1617 1714 1765 1806 1897 1972 2072 2180 2242 2322 2394 2528 2594 2679 2783 2881 2968 3077 3116 3223 3353 3476 3551 3661 3763 3860 3918 3991 4065 4155 4210 4272 4340 4356 4442 4507 4539 4594 4653 4762 4902 
79 1 155 268 414 504 615 656 705 781 845 941 1057 1131 1207 1253 1334 1442 1503 1559 1664 1729 1777 1813 1882 1983 2025 2136 2222 2285 2370 2443 2492 2556 2655 2797 2930 3013 3129 3253 3346 3402 3520 3609 3655 3736 3777 3930 3992 4096 4127 4160 4208 4313 4402 4485 4571 4630 4716 5011 
80 0 153 241 291 402 465 522 617 663 734 783 848 950 1005 1080 1203 1276 1368 1434 1601 1679 1735 1814 1885 2011 2057 2184 2265 2333 2401 2519 2607 2653 2692 2771 2821 2934 2981 3114 3133 3199 3264 3328 3399 3472 3536 3568 3630 3735 3807 3916 4035 4105 4145 4234 4329 4387 4472 4577 4625 4703 4851 6680 
81 -1 127 283 432 497 592 700 737 806 876 962 990 1074 1127 1202 1313 1354 1440 1534 1596 1680 1809 1954 2043 2084 2128 2220 2302 2375 2468 2530 2557 2643 2675 2768 2815 2883 2973 3072 3211 3255 3310 3475 3604 3676 3799 3903 4059 4197 4298 4414 4453 4534 4606 4642 4698 4769 
