15 1900 7435 6068 6125 3594 9100 691 5160 524 3799 1924 5373 2923 9571 7454 
21 8840 6747 9559 2537 4137 8187 9678 2404 9357 4278 8316 8159 9298 2737 889 5715 1217 4919 9193 5729 3446 
12 8102 5654 5562 5724 4449 7900 7164 9026 1310 4789 6604 1094 
18 7141 8209 8573 7572 2382 8546 3746 4031 9526 9226 3710 7754 7689 1123 304 9955 1818 8813 
7 3471 6558 1177 782 3502 4485 4027 
15 3030 945 3403 6012 3537 8785 1862 5679 9720 4086 1946 2501 4809 5384 7886 
13 5598 5113 206 7602 4705 146 9981 5837 5100 7903 7843 1981 4329 
11 8406 9852 5636 9109 1845 7411 2355 9249 7898 9943 4915 
10 2008 1984 6200 9071 9617 9044 3295 4173 2700 3961 
12 8395 1593 7379 6825 5310 7764 7727 2179 484 490 6452 4547 
20 2020 726 482 2497 2982 5495 5043 8909 2260 8645 5064 6345 6253 6235 5999 618 800 517 3856 4712 
17 3693 9544 825 6903 9681 7916 7456 9388 8820 5630 9968 4625 9583 8343 6552 6556 6608 
13 445 3208 9012 7867 3398 671 2473 9159 175 5702 5009 3230 6146 
14 957 9137 3510 3193 7745 402 9038 6857 8916 1308 2024 7286 1682 1901 
11 6724 2899 7631 5957 1601 8128 6512 7425 1325 5910 1922 
16 5716 1860 730 6021 7686 3169 3326 8800 9238 5372 959 83 6810 5016 4660 456 
21 3281 6110 697 8536 2235 313 3775 5803 106 508 6218 8109 7222 9368 7865 6375 7394 1130 5233 6130 3630 
12 2912 4260 5996 718 656 832 660 5169 8263 2412 9103 634 
20 5341 6199 9469 69 1111 6216 708 3122 2969 4866 5105 5188 1199 6779 8775 4518 2861 6226 1719 9416 
5 3103 1630 4255 2338 3539 
12 1978 8021 5535 1843 1797 1381 1348 5694 6629 6846 1786 682 
7 297 6740 3557 4245 8306 3127 9929 
15 585 3758 8254 4115 9171 6537 91 7941 649 3694 1612 194 2153 9460 3508 
9 4495 7553 364 3793 4473 7807 6863 5052 2685 
12 8520 7082 4080 6000 7759 6719 5951 9284 8266 4689 8491 4317 
12 1353 6658 442 5212 381 6814 7135 775 4270 4528 6462 1989 
10 6039 4782 7370 3874 4019 2370 9541 8958 4902 5271 
12 1269 7117 7086 4410 2333 4139 1232 1143 4773 928 5512 940 
17 9581 2512 4507 7337 8035 4664 9101 2314 7984 3466 9687 2154 9843 6542 77 771 8512 
17 3743 8586 9869 8766 6076 2732 8970 8560 711 352 6848 2034 3714 3625 1034 6061 6813 
9 6321 8530 5208 2863 8400 3251 2109 6940 5561 
17 8559 8459 5025 9705 9464 4372 7245 7278 7808 4969 2065 1096 2769 1255 7502 4562 7972 
11 9979 8376 7372 7870 1792 6446 5371 1716 4906 2144 7137 
11 5381 8848 3381 629 6619 67 5004 9083 3266 8197 1502 
5 741 7512 9543 7874 8192 
11 4829 3921 4623 9089 4628 4840 714 8745 510 9348 6590 
20 5304 7704 3396 4050 1873 6119 4749 907 6082 9027 6121 1069 1393 6641 912 5801 405 467 2634 2996 
13 1735 4511 212 4520 8782 3454 8540 9110 4290 3256 9080 4521 3628 
17 3025 4959 6208 4028 7209 6336 2527 7169 7503 5567 897 819 7065 592 3052 545 3682 
6 8204 6924 5307 7579 9742 6544 
18 2941 902 8346 6475 611 6222 4696 3621 1008 9881 1470 893 3924 5353 4212 9185 4460 7397 
10 583 7210 6879 3524 9299 4096 9023 4825 3045 183 
17 1528 8055 9011 267 3370 3818 4709 461 1166 4111 2601 4340 5262 9213 78 7340 8387 
18 7640 2123 4815 3666 5917 4171 7342 1062 886 2220 2467 5211 2089 1842 122 1314 7914 2793 
13 5649 9487 2652 4971 6178 1466 196 3672 7587 7090 103 9798 8390 
15 5406 9128 5771 4404 5678 8529 6896 6062 5526 6930 833 9106 3750 3356 1702 
16 8342 2791 5554 4826 4938 8421 3205 382 4046 3509 698 5026 2740 357 8544 174 
20 2986 4414 3779 5182 9042 5069 8876 3364 6283 8062 7532 7501 5329 7006 4219 5417 6983 7130 5925 8336 
14 268 5034 5205 9349 5405 2645 4899 1767 3065 386 9727 6205 7646 3553 
15 157 6329 2511 4048 9889 3691 1791 2829 8551 6240 6772 836 1253 6469 7063 
20 4637 3148 5089 5120 3114 8445 7263 993 1412 7081 4800 4594 7726 5201 736 9376 2994 6829 3438 4097 
11 2869 2641 9627 4285 3783 8194 7276 4588 6181 3979 155 
17 24 5213 965 4920 9951 3616 9492 7092 1902 7041 4792 3465 4775 1176 7383 7560 361 
8 3654 9164 9167 4685 2561 8437 8153 6977 
18 7952 2357 2147 8348 4450 1168 6865 1292 4456 2841 8534 3894 1499 279 1982 2414 4804 619 
16 372 9406 5189 4720 7380 6969 2209 1521 7014 6566 6722 2332 3877 2213 4620 6006 
18 961 8302 245 9926 9654 9477 908 7445 2648 215 7231 6378 9783 1905 4459 2644 385 7832 
16 6541 2748 150 9680 5054 7438 1182 8245 5323 8097 8721 7077 2390 1720 7743 7978 
16 2559 7198 2118 1997 9795 3325 7096 990 189 230 1748 2 7462 9490 9163 242 
21 9799 1784 4635 9297 9702 6643 6893 5713 7216 5260 5099 2548 6306 5143 6047 238 9939 8129 5849 7098 7107 
14 920 7889 7355 8597 1944 6389 8428 4055 8692 6970 9152 1567 1463 3483 
12 4894 5387 8274 4482 3420 7840 6399 7679 5076 7381 9221 8553 
9 5424 8458 1524 6645 8368 3760 3757 414 4963 
11 3578 6473 1700 8373 9474 9534 6167 1345 2231 7189 7583 
9 1135 3047 9987 4358 8693 6816 1342 2348 8314 
13 3555 7020 2657 989 6340 6580 2802 6784 2667 1859 4397 2541 1320 
13 9550 8040 7344 8485 4159 280 6451 8661 8177 8166 3962 9244 8076 
20 1005 6123 200 3632 266 9949 4786 4256 8617 1257 2547 5074 8857 8450 9778 8140 5470 1277 2087 288 
19 222 1605 3601 839 4376 8155 9375 6589 4327 7629 1912 1752 4406 9607 4651 2837 6830 9967 3395 
20 1040 2838 2198 9549 6966 6270 1509 6971 2884 715 2842 3044 2281 2909 3039 8974 5104 686 2632 5763 
17 375 7320 5295 9524 9180 1263 8101 6587 3974 1429 76 1934 5039 3534 4985 9630 539 
21 4307 3540 9602 1904 5477 2352 633 1631 4371 4617 9272 5001 2630 1389 235 9884 4457 4997 4442 7099 9233 
9 8962 9463 8382 4703 9743 4035 1324 5124 2288 
14 4150 9052 9845 5668 2077 2927 2900 7239 1459 2374 2125 8289 8616 4881 
10 4214 5359 4717 1553 4167 2670 2859 4992 8284 1371 
12 6115 8484 9412 7446 6503 6026 2613 3513 9186 3285 9978 1770 
14 7119 6735 9815 4141 607 1676 4398 4857 8444 8481 8431 9643 9072 5157 
13 3149 5948 2626 7102 506 9037 3958 772 9952 8644 4236 2246 3031 
11 734 9996 5377 2442 2751 286 4843 3416 495 694 9651 
9 1888 699 3354 417 1430 942 2640 4089 1376 
13 4346 8425 1030 9144 7085 9182 6584 6380 444 7907 5356 137 6591 
20 2576 1372 4164 6338 5892 2937 8118 2320 514 9652 6925 2234 4426 1756 3123 7326 6396 214 8863 9318 
12 4842 5358 6307 2605 3840 2140 9068 156 6094 2164 538 3767 
18 9283 5743 6192 3050 7382 3057 6280 7746 2275 2110 8237 6696 4893 6578 6617 3939 2903 2294 
25 9216 4546 9282 3544 5620 3270 7034 3732 8403 4034 5279 6832 3146 7573 8103 9328 319 1688 399 9941 5284 4430 3568 2892 6478 
15 9523 3575 7314 1252 1046 767 1725 118 7207 5709 1603 3135 7288 7403 2311 
12 55 4781 3910 7196 348 9963 883 7078 6211 8105 1283 4489 
21 1664 5237 7248 3938 8796 6305 6313 1098 3624 1692 9724 9000 8225 5247 8755 6444 3011 9697 6142 4276 3195 
5 29 9473 4624 1399 8244 
19 6961 2538 4421 3375 7442 7492 4986 1369 5014 9912 9438 3765 6684 5278 8460 9114 4688 594 2398 
18 1833 8020 4630 5626 2041 100 9202 4607 8695 2543 1779 1282 1679 6223 5154 9029 7788 8669 
12 622 7116 3362 6871 516 7414 4821 9321 518 434 5986 4810 
18 6228 9452 2782 1723 152 6648 494 2924 4776 1896 5608 6140 2498 2535 2139 4351 1743 7871 
16 4143 4387 7546 9947 3680 3879 646 2673 9539 9641 6582 9303 4394 255 2945 1027 
11 541 9347 8574 7236 9251 8257 9361 688 5981 7497 7418 
6 5885 7325 8694 744 2461 7853 
19 3988 4208 6951 2425 6818 2180 8806 1985 821 9822 5619 2468 5527 8960 4988 6609 1649 7521 28 
15 7862 3092 7162 1250 876 7103 1179 5610 9322 7384 9302 1534 2129 149 812 
12 3457 2026 326 8419 7193 161 5695 560 105 249 1203 1844 
16 8728 4537 9385 7934 6048 5866 3451 6331 3469 7045 5134 4669 2959 3141 684 8246 
18 4687 9246 41 5816 8079 5267 2857 3434 1476 3211 6883 9826 9758 5872 7101 9863 8763 1469 
17 2313 5393 8198 935 4493 9604 4724 454 9624 1598 1464 4378 7701 6908 5292 1629 6995 
16 3168 8792 6128 8059 8191 2930 5576 294 979 7145 2557 8793 5472 9403 7177 2068 
19 6607 6155 3105 3795 3565 8575 9457 9199 1937 8164 9741 4496 5305 9407 6366 7298 2756 9079 7797 
16 6913 874 4228 1684 4024 6967 39 2107 4559 3722 2631 3808 1357 9239 6504 1974 
12 113 5510 9030 3915 6398 8951 1745 4006 8826 5904 3484 8473 
6 7716 1181 1394 6171 5420 2611 
15 8564 8426 9633 6764 378 6196 3784 4355 1872 2921 9584 8598 5171 5032 4000 
9 3647 9429 5040 4701 8705 6459 1050 9821 7417 
8 3321 7682 7205 7547 9292 8591 6298 6859 
5 6361 2736 3843 7331 6264 
15 2944 4833 4225 8991 823 3949 4497 3247 377 6909 2052 6036 1317 5005 5444 
16 9670 9768 8784 2132 1245 5366 7118 659 2407 8416 4856 9219 3501 3999 1468 5350 
18 8271 1689 3490 4020 3051 3721 4593 9481 7769 8214 550 65 5804 9378 8031 8025 1690 5575 
17 5222 8713 9805 95 9450 2000 552 2160 643 2867 272 4087 8261 8516 1387 5733 8565 
14 3008 2742 2717 1587 1620 5967 3505 4314 2373 6728 7529 2978 5168 3437 
16 1815 8566 7666 6474 4029 3117 9809 2035 1947 1368 3436 7842 153 8299 9162 5805 
9 2176 1565 7645 5587 8169 293 9718 4694 8060 
14 219 400 5516 2967 2799 7663 1453 7457 6161 6114 6548 9671 2244 7195 
12 6694 9691 7430 5602 8995 7203 6744 2989 6974 7368 663 4188 
4 7227 5437 7531 9828 
14 4098 7846 7373 1863 9751 403 7729 2270 2760 5909 8590 7100 1926 2567 
14 1724 4352 2787 5193 7604 4714 1045 3782 880 7259 6982 6862 8304 4715 
15 5402 6851 1276 2031 5601 5690 2954 9553 3673 9659 4357 4692 8749 2364 2413 
8 6900 2426 6836 5663 9345 5036 2817 1880 
17 2507 5746 1218 6710 6575 1281 3181 3228 4937 5635 8688 9247 2400 909 4429 7505 201 
17 394 3104 7243 4973 8173 4400 9075 9133 7515 4244 6681 9157 7610 4698 9250 8068 1486 
7 7849 8629 4836 3038 7043 1846 8968 
15 1794 9306 8588 9512 6705 9134 4958 1160 6932 8339 8904 3645 5992 581 333 
8 2828 2784 1267 4666 3054 141 5962 5903 
10 8189 873 2771 6562 3561 4012 740 3893 1525 8822 
16 8086 1530 8351 3605 1685 5642 8555 1422 1660 8662 2141 670 4128 5102 5166 1444 
19 1879 3424 4349 3566 9537 6407 7309 2477 7564 7872 2835 3967 5583 2341 8748 9554 1296 3567 974 
19 5881 4223 5425 4202 4587 5291 2105 3290 9836 2515 865 862 2513 5486 4060 3027 7352 2721 2552 
12 3410 5332 3993 8312 8691 9592 4343 6678 4591 8049 7708 4535 
19 2531 5487 5541 1503 3542 5228 1886 4326 6172 5995 6416 3173 9513 5133 9225 8986 5357 2789 9957 
7 6269 3067 1221 8868 2600 5091 6806 
17 4056 7357 5887 8653 922 225 6274 4699 1297 2048 9420 1428 3772 3449 3323 8881 6948 
14 6767 9851 9631 211 6597 1259 7080 4209 1424 4033 2506 7094 8673 9194 
19 6780 5112 4848 6186 1460 9135 9364 9900 6593 4884 285 7624 9330 3661 1041 3016 731 4565 7786 
7 8698 1635 2718 9632 9183 9470 9175 
14 9698 8323 5017 596 1647 2033 127 120 3623 6344 1504 8072 4472 3341 
12 6418 8073 3875 6742 8034 5187 1686 159 553 4828 2565 2693 
17 8587 5721 6069 4615 9165 4503 8493 3798 8500 6056 7490 6708 338 8475 4947 3660 5326 
16 7088 6159 428 6352 5779 7232 6480 4798 7466 4653 9849 6571 2694 4075 5482 3919 
6 554 9974 2495 3022 233 7613 
19 3667 3029 565 7323 5539 2741 6247 578 193 9789 2366 2229 5473 5042 3377 5308 4993 1964 2284 
15 5343 6786 4863 2825 2781 9392 2292 4302 3425 6898 3547 6363 7718 1116 6318 
19 2327 2928 1527 854 7847 1152 4872 2395 8686 8798 2025 9160 8383 9136 732 6486 2039 9269 3397 
13 4644 284 4888 9028 2898 6808 947 9779 7507 5097 6655 3613 8689 
7 4586 5856 6255 7567 476 4921 1782 
13 8578 601 2128 7971 281 4550 582 9879 7570 6122 3101 8141 6483 
22 1866 3160 6450 3475 2731 986 2585 380 244 6579 4247 8987 6915 8511 4539 3550 527 2437 8621 5484 9335 195 
2 7468 6698 
3 6160 1973 2660 
10 5245 3176 3200 2212 5782 2344 4970 5552 5558 9835 
23 6424 5744 128 8521 1550 6141 8615 9242 4384 8220 3429 5451 9441 7407 7647 8767 366 1870 958 5002 9877 5728 6697 
20 8675 3138 7465 6550 5107 6133 9151 8486 9701 8843 9790 4711 575 5911 2175 4190 7353 1340 3242 9181 
19 8420 2436 9874 7312 8791 9341 7534 3657 8038 8760 3474 1681 3186 6262 3053 8325 2190 5258 5525 
10 8184 2518 3839 9228 5933 2359 6231 8997 186 3511 
12 9207 1874 7922 8610 1790 2977 5768 3959 9816 129 125 2254 
8 489 1090 1804 7737 7464 2054 9150 6602 
3 7799 1192 9763 
18 7877 8435 1970 830 9832 7636 5622 3165 3155 2397 2893 3079 6138 6312 1073 6778 4647 9435 
13 6952 1651 6003 950 6356 6809 8973 1436 7187 5879 8620 2439 5658 
12 8179 4437 8440 4558 6392 208 896 8652 1942 5915 1004 6190 
18 6456 5818 5214 4064 2856 3220 4318 5088 64 5847 3735 4824 6201 5140 4388 7999 3455 5984 
18 5161 9685 5748 956 1729 1693 4021 6805 5087 7812 5123 7167 2272 793 4523 3150 1976 3873 
17 4788 7451 2539 2112 3636 3970 7555 5764 1193 7542 3854 2444 6165 2580 4746 4135 5367 
6 61 2006 9078 306 5998 7653 
10 6649 5990 5540 9289 3190 3393 3930 9264 7122 3392 
16 580 6752 3426 8614 3232 2360 2556 7924 2228 7004 216 3902 6522 3796 534 9870 
18 3564 6493 2681 2783 7884 4403 1583 74 5770 6674 9229 1591 1337 5243 4878 8931 5183 2991 
8 3692 7104 3786 4011 2330 6187 2142 996 
7 9121 5344 1921 1516 7735 4614 9510 
7 8509 271 4673 640 9819 7284 6379 
13 1993 5572 502 3554 3116 7785 6213 3531 5031 7415 7894 6699 7620 
16 9187 1734 8157 6058 7211 645 1537 9132 6367 799 4074 5092 6622 5862 5274 4076 
18 9626 842 3947 5686 164 8176 6956 2602 7697 7498 5959 320 5379 1042 5956 2563 8360 4025 
20 9291 4648 1223 2992 2635 2999 3802 2706 4213 147 4907 7614 7866 6880 3847 6436 6505 999 1920 2256 
5 2418 7642 515 1519 1572 
9 9020 3196 1869 3602 9557 6538 3477 6618 2053 
11 2774 1852 9944 4107 5352 2217 5457 2343 1875 1656 7909 
8 2278 7575 3669 4440 5313 7944 5396 4876 
17 6633 328 4502 6567 5453 3124 9561 3675 3499 5700 1392 7525 5864 5364 863 859 9862 
7 2429 8699 3603 2934 4409 5422 2591 
17 7318 2106 248 8823 2686 5751 8938 2505 396 6460 6868 6680 7091 5976 8009 2062 8969 
15 610 8104 2649 8682 9610 9923 4063 5603 6882 7176 350 3154 8549 6612 855 
17 6965 3459 8309 951 1835 4555 2126 2075 4989 1820 4224 9838 9436 6785 8361 7076 7354 
21 4066 3384 6327 4869 2754 3194 7010 6163 5070 9950 2766 9141 4608 7651 9498 5249 9988 2956 9331 877 6928 
7 7229 3170 8207 9483 3507 2340 6823 
15 5902 6877 6536 9579 2675 1048 7361 8494 2534 2722 5180 1914 433 2777 5068 
18 4882 3951 1564 57 5503 5433 5952 8300 4105 1930 15 1907 9421 6415 6513 3763 7405 2560 
10 1563 933 9156 9077 5907 6120 5163 3992 639 2851 
18 9411 864 5090 8747 9130 6272 2979 1110 9222 6297 2910 3216 4582 8993 6774 3233 6332 217 
20 7911 315 4299 497 7246 9842 8761 8990 1458 6067 8023 7857 7806 724 3182 6495 22 1291 7179 803 
15 9901 8449 5507 9757 9190 8937 2831 5701 7693 6197 8182 6519 7650 1236 9456 
17 3239 2788 332 3885 92 2119 3770 3373 8014 7822 3584 4642 852 2710 9780 4626 9683 
17 9449 6455 169 5050 853 5994 8296 6041 7749 953 3070 561 4543 9142 3241 9848 5877 
16 6198 3990 7975 3739 9419 8595 254 5632 1831 9056 8136 4486 3573 283 356 5625 
16 9675 739 3865 9640 9735 9497 8412 8780 387 9362 93 4487 5529 8593 7860 6204 
12 4494 5875 9806 802 2261 6638 2852 7988 3829 7075 5172 4619 
15 4078 8262 5890 6718 98 1977 1215 7595 1415 2680 938 1800 3977 3145 6773 
7 1560 7948 7778 7939 3142 3982 7839 
14 9313 2297 4656 4249 1188 779 6290 692 5767 4979 4232 7321 2084 1933 
11 4525 6912 7662 8956 5462 4654 8126 7132 5139 3159 8115 
20 2695 4885 2455 5955 5511 2323 5287 1189 8018 9054 9667 8027 5692 8268 7178 3494 9428 9661 1136 9506 
23 5868 6849 8224 9769 1272 6438 992 5766 8094 2011 5792 4353 4293 6106 9300 1840 7755 3339 678 3699 4710 547 2943 
18 5970 7186 5710 9045 5347 1175 4544 4990 6066 949 3754 7422 8746 8743 5670 1590 8833 5908 
12 3629 3294 6053 7557 7994 3338 3227 1220 1417 3278 4266 7147 
5 8773 780 8075 8603 6515 
11 6252 1955 4119 6630 3790 7389 3846 5073 8291 26 6414 
6 187 4873 8715 9927 8928 9086 
12 719 4109 2304 1169 8667 8895 5519 6085 1031 4845 3973 3178 
13 6403 493 8804 6716 1455 5219 4802 3463 4009 4443 2159 6102 4423 
13 7956 2536 4661 3083 6749 1102 1319 8659 1783 2960 6858 9739 7292 
16 9707 1384 6206 498 4291 5799 5660 5008 1532 4892 395 6821 4204 8344 4382 8283 
12 568 627 1010 6430 2952 7019 5914 408 7483 3235 8628 42 
8 5335 8787 6377 4477 3470 7615 5475 5722 
13 8310 4877 7779 4880 3157 4787 3761 5317 7237 1832 3489 5320 8920 
19 6466 1227 3329 7249 5711 376 3098 6359 462 6999 6391 2309 2151 4279 5259 4978 1796 8873 7802 
6 474 4706 5983 1302 1854 8281 
19 1757 2233 5049 318 5783 9761 2745 2240 2072 7873 9729 6386 5901 10 5532 7626 6874 3237 5681 
9 6031 3291 3901 4533 9722 2116 7707 3747 9395 
17 7463 6502 2523 7000 9527 8273 3759 546 6243 9268 4722 7796 4073 7599 72 8729 7072 
19 6822 5727 6304 2399 4016 2577 4643 8665 7315 5809 5465 3231 7142 6726 9767 1154 7106 914 841 
9 7013 6425 5481 6203 5523 6888 9593 17 4950 
15 672 6794 4575 1200 8637 7434 4659 8037 3482 3904 3086 6406 5577 370 7543 
18 5693 7230 7648 4088 5627 6261 8353 1081 3203 2388 5021 8952 9433 754 6820 5191 9384 5309 
8 3442 1803 2181 397 1785 3574 3551 3331 
17 4090 4693 7638 1326 7628 1496 6346 867 6248 7793 8326 6743 1395 1402 7790 1850 3299 
9 7657 3358 9394 1876 2452 7220 4312 7024 4217 
15 7429 3005 4935 5829 1627 572 7730 4331 4819 4677 7654 9754 90 6891 2237 
10 9084 3608 9737 6866 9358 9716 4368 7217 7265 6149 
6 2735 2296 3572 435 3972 5982 
19 9752 1228 608 419 1628 9018 8504 9684 2753 2045 3258 4638 30 9319 816 9784 9113 243 9112 
9 8878 1251 895 8367 4070 8550 8656 2950 4144 
9 9847 2738 9274 1640 9613 4913 9975 3895 1067 
12 5497 6529 5466 6245 5351 5263 4713 9458 2866 5041 1125 1932 
16 3607 3276 9503 448 8831 4854 4744 9496 9844 5302 9574 3174 2844 5600 9867 1670 
11 4379 2714 1208 6422 5534 3570 8911 3404 8415 3406 5093 
18 9976 1170 7224 3411 1580 9314 415 2797 3867 4491 6838 6683 7763 9022 6038 4805 6397 3980 
19 2465 7455 4200 4980 6634 6615 292 6570 81 5452 3476 5301 2479 680 9444 9480 261 4578 6014 
11 3696 409 7933 4163 7508 7392 7918 8976 8906 7192 1382 
6 4008 3708 1667 9911 929 6864 
17 6002 3333 8447 199 3807 8609 952 1768 4871 1799 9694 4981 9479 2633 5734 4912 4663 
7 7109 6875 1474 5374 4328 3986 8788 
8 6670 9935 1002 4764 23 9994 7782 8442 
19 5440 8630 7319 1260 2570 1910 531 595 2406 7301 485 509 2264 8293 1897 5340 6116 589 4517 
16 8640 3596 277 135 1508 4940 1968 674 5514 1979 5380 2713 3115 5958 728 4032 
2 9504 8071 
18 2920 7293 1625 533 8085 3433 9158 9234 7150 6746 808 3075 624 2715 8067 1266 4567 1604 
13 1209 9166 2293 3462 2056 6357 4862 115 9566 1643 4767 8111 9231 
20 5299 9090 9813 9696 3585 9871 2470 3435 1443 584 3997 6987 2417 9240 9085 9043 3222 7125 7461 8252 
13 9256 4184 1079 7448 5238 8998 8288 1787 4014 4125 4043 7819 7016 
16 9913 2143 3036 102 7665 2362 1943 2122 2402 3963 9139 4093 7538 3300 322 3352 
11 5018 7711 8370 1986 3615 2776 5913 8996 9082 8819 1328 
10 4435 7471 6669 8146 6984 4065 8324 5835 4113 1159 
10 8292 8290 3991 3966 4585 6078 3102 6237 872 8004 
18 2949 2166 3317 1233 3414 422 4966 9263 6657 1338 7474 2907 3372 501 1819 9462 3078 3756 
18 4377 6139 1674 6711 1500 9712 3366 300 178 3099 636 7488 2804 3592 1592 3776 1513 1286 
19 1992 4428 5954 8856 6739 6985 529 9273 4130 967 4147 4282 7120 9508 7750 6184 256 2017 7582 
7 5137 3188 177 4300 5298 7234 4796 
10 3580 2942 2642 3614 388 776 6733 5520 1740 8362 
8 1335 658 6239 3816 3583 6647 8303 8108 
14 4094 1447 8277 8338 8554 7174 1146 9073 4044 1753 1597 6707 6763 7328 
14 4839 1194 4665 1 2434 3530 6737 1330 130 8830 7148 5389 257 8127 
10 303 7993 1363 2896 4652 7548 9570 3532 2115 1855 
14 3156 3409 1142 9575 9065 9127 9564 9858 8981 2906 1104 1264 1715 8334 
13 2009 1013 8902 5888 2663 7912 7282 379 7691 7926 4330 3907 5117 
19 48 1024 6202 5566 4602 6526 4123 7068 3622 599 3905 9734 9006 5314 6861 4092 4067 9442 2433 
16 837 5808 2957 1655 8940 4007 7777 7643 2415 3731 7659 8064 3293 4198 9148 6777 
11 7005 9402 481 5712 9620 5674 6639 9948 7274 4584 310 
10 6783 8149 1778 8167 890 3845 936 4235 5072 9682 
8 84 7891 5285 3936 6393 1953 8539 8992 
18 6412 3640 4794 4246 4657 6023 2919 7762 4944 2612 8988 6605 4747 1275 1668 7018 7798 3650 
12 677 3697 1100 6265 4003 5428 2696 871 4838 5155 6996 8495 
16 1515 3826 8328 3717 9002 8236 475 8642 5170 1109 3646 7715 2315 3450 7341 8253 
5 2135 789 720 2573 3007 
11 2519 5971 892 3830 3445 753 4605 7633 9288 7794 2346 
13 3869 1609 9556 439 172 7152 1346 1246 7305 7734 2148 875 3707 
16 7928 1323 3334 846 3493 2171 4045 3421 6885 8193 8807 5556 274 2478 809 3413 
15 2571 1414 9401 8835 4733 1913 8742 2394 5116 8869 2875 9882 5708 1695 5689 
9 2581 3058 355 8918 2319 1822 5391 1132 6117 
20 8175 2324 3976 9830 483 6523 1733 8151 97 6268 1568 21 7262 9351 2546 2189 6008 9704 4597 8015 
14 88 1332 2963 4867 9104 7277 2059 1239 8719 8446 3212 9224 8270 5080 
12 2356 3311 3821 6220 761 9710 5082 1738 969 7724 1531 4301 
17 4309 6654 6004 9382 1491 6173 3940 2810 2702 2184 2086 133 9983 6625 1624 9533 9212 
17 1066 7188 166 6765 35 3701 8298 6013 425 544 6751 7998 5210 2137 7062 3351 6679 
13 7475 6662 4467 5815 1431 8741 2218 8872 232 8817 6975 8107 7723 
10 1543 7612 8548 1518 8093 4101 6886 7684 2972 5919 
21 1315 7114 9320 168 9562 7190 5135 1487 7134 9408 6333 9208 2938 3443 6292 7791 8545 3139 4898 1493 8738 
15 1178 3129 9897 3981 523 8401 1639 5289 2607 2882 3428 1471 5167 3399 1999 
8 9393 2424 2422 3512 4411 4068 6137 9447 
17 3253 5858 2690 6563 1365 5426 8407 2568 1198 8926 7149 3753 2850 1065 6020 3152 5793 
12 7270 1313 6098 1710 3210 6642 6064 6926 1307 8524 3359 6734 
19 2432 1883 5698 7255 8219 849 5584 704 252 4552 8851 4853 2206 463 8186 9015 3267 3137 7506 
11 7399 9985 6547 2480 7316 7334 6793 2504 4942 1551 7962 
20 7965 9733 9595 4154 9634 1222 7208 6009 2187 6188 847 8229 2874 4566 8883 2438 9205 4770 6176 6803 
17 549 5491 3068 8464 1634 7901 8228 9232 5033 6904 8134 9998 2729 5704 4632 184 7974 
7 519 7709 4170 9890 7172 4396 7110 
16 9619 7287 1421 2036 6927 8882 9972 3952 2966 3751 412 6799 8601 806 4218 1945 
14 9888 3049 7428 5920 8681 8671 2044 9062 5844 3946 2023 4634 7680 1061 
3 6916 8227 9019 
9 8670 7685 5176 4002 3340 5023 1772 7588 3234 
9 8758 3024 5156 4639 7387 2108 8028 2191 8646 
12 5860 8965 6652 4062 2057 4221 3077 683 8917 8264 8842 4739 
13 768 5060 9636 1949 4366 6081 4834 5941 9644 3328 613 9902 9548 
19 9679 1838 2335 8915 6842 9116 9138 2578 4227 1480 8801 5878 7949 1911 1747 2205 2443 4335 6530 
12 563 2780 5045 9516 7770 9623 3271 2042 9397 3487 4852 3813 
15 3167 3651 3368 5621 2464 7732 930 843 9612 7817 7609 3269 991 5184 2749 
17 8950 8739 3866 2305 5303 2178 1349 9381 1475 4532 3432 6713 4851 9919 9894 1072 786 
17 9409 3245 3430 5732 4914 7535 8272 458 7569 52 275 2037 695 5786 9355 1058 6923 
14 5300 7028 5006 1908 6771 2060 8188 3315 40 8051 2901 5559 7363 6281 
9 5235 6189 8979 7637 3199 4297 1529 3133 6463 
3 6663 2589 5480 
10 3307 6745 119 2385 2386 7761 1595 3305 6238 282 
16 8477 7864 6741 9628 7554 8989 8795 8030 3439 934 1589 7366 384 126 6714 6776 
18 1776 7329 1054 1186 1106 6089 6484 8631 7830 2846 4085 4675 918 8470 6833 8242 1566 9275 
17 7499 4475 9666 4875 7690 3119 921 7576 2192 8871 586 2599 5083 3009 3686 1450 7273 
16 3549 9405 9495 6922 2916 3789 2654 1864 2525 2958 6443 9908 2526 4365 278 2308 
14 8708 3527 7792 2904 9254 4613 4481 1613 4636 2095 1891 8148 5094 9418 
17 606 7064 3849 6360 4250 32 354 7856 8860 3648 1391 4498 7221 5394 7967 5268 7990 
18 6807 6150 3541 2167 982 85 8190 6279 6757 716 342 6301 2383 3606 3277 4136 7552 1035 
10 2061 4583 6756 1994 1777 5656 8259 3729 1861 8841 
20 8329 1773 1995 8133 3026 9538 5241 9265 369 9478 1248 3498 4104 6775 6824 5385 1714 173 3010 50 
18 5086 1407 1489 5282 3191 9738 6182 617 3468 9505 6426 5101 6769 5582 8649 9880 260 8432 
17 3371 109 3989 5777 511 9872 1352 7256 6374 8827 2885 5256 7194 2935 7757 2532 8010 
12 3855 3257 6296 9586 8042 657 8737 1644 7453 1420 449 5870 
16 7040 1512 6410 6413 2997 6244 1494 5899 8945 4832 4453 2808 3595 6083 3968 8143 
18 6695 5615 5369 5699 856 6101 2291 3261 6902 3394 1584 6157 4916 2614 1029 1501 7510 8061 
11 7913 6804 6729 5853 1511 4756 2290 1364 8562 4470 7935 
19 117 817 4910 6942 7787 6402 3215 374 4858 9896 163 2622 9800 4272 4682 6682 6042 801 4461 
15 8703 7108 9511 4441 6727 9859 1638 6963 4718 4106 37 5785 473 9091 9930 
19 4948 6168 1240 2245 6703 2207 5838 9195 8506 7915 1271 8502 5306 2636 7021 9337 171 6539 2274 
6 9140 7180 1121 9105 2639 4887 
6 5769 6485 8967 7048 3130 4982 
11 3444 696 2975 7574 9925 5550 689 1781 6897 9237 8476 
16 9325 6135 4196 4830 4806 1762 9466 4195 3896 4117 7267 1012 3221 9658 742 5675 
19 6831 1113 1959 5719 7386 6989 1721 7197 1117 8160 1448 8547 3282 3213 8750 2325 4359 8569 3912 
9 273 5227 499 5628 8664 5569 1539 3308 8605 
16 4855 9046 513 6409 4957 66 1441 5579 6476 1016 4561 3556 6953 2268 9366 6129 
4 2384 5012 7987 2758 
17 7401 9649 2401 2440 1201 330 7479 7811 7066 7516 9823 7712 9230 1741 6326 5565 1918 
21 7561 6457 209 7226 7883 9118 1355 5409 3062 9812 8953 3862 4114 4734 8627 3948 4264 4569 276 2016 7605 
12 7929 7129 9965 9252 6491 4263 543 9542 4316 4454 9886 250 
17 4618 3546 3891 8410 5158 4595 9846 4415 8510 4211 5725 8814 5411 5664 1075 5810 4730 
17 4058 2079 8462 1830 9657 1557 4645 7477 4274 6156 7339 9611 9192 6839 3925 6353 6692 
12 4071 3197 6164 4807 7698 4205 9035 6946 7562 2393 3752 7809 
13 2316 190 4112 4207 3842 8955 7364 2661 5553 8063 9774 5778 1827 
9 5717 6884 9744 3906 5375 9833 8687 6610 8903 
10 713 5991 826 6488 5122 8074 7046 6854 2279 3283 
15 7861 666 7668 9424 9031 6910 2931 6920 6712 5061 4168 4903 6798 3391 8438 
15 2720 7810 7585 4153 4629 751 7171 3785 8542 3909 987 2248 6104 8764 7009 
19 9514 2603 8774 975 977 6034 7191 9731 4347 5564 9074 5386 2082 2375 2051 614 5216 5548 8513 
5 8890 2651 7296 1037 1882 
12 6689 5027 7346 241 9370 6103 9810 1071 1411 2299 6025 7419 
18 8731 1438 3773 9485 8772 7494 9576 2665 5400 8058 8033 8099 8017 5464 7879 4251 3072 1538 
19 1273 6404 3461 9286 7683 984 2984 1101 9248 2174 4939 9001 4248 8307 3635 4259 8855 5421 4452 
8 8518 3147 5756 5684 6319 7566 3689 6540 
15 423 6656 9087 3017 4405 9546 2076 9070 7143 2043 5062 1736 1416 8779 2186 
14 700 3579 9267 8816 1963 2409 7692 4017 353 6907 7940 7630 1834 9709 
18 4742 4536 2915 8434 6856 5593 1256 4965 365 857 9934 1980 11 916 4890 1078 997 2197 
14 2015 4233 4658 9033 9647 5861 6850 6800 1871 8624 6447 8933 6325 3738 
17 2247 8158 2074 1386 8110 9262 4930 2368 4879 2809 9837 8815 8345 4590 1435 5597 34 
10 9003 567 8892 615 7444 9639 946 2990 4464 1322 
19 4601 9820 4455 6420 1755 7253 1746 8243 8984 542 7592 6134 3597 2078 112 7781 4407 7260 5220 
7 1097 8489 7804 1211 3292 2431 6308 
11 3055 1406 7406 3066 507 8112 6762 6672 9346 8963 1727 
11 5192 8557 368 46 6905 8901 7594 9155 4777 1047 693 
17 6263 3249 2711 3263 210 5650 8379 709 2790 8413 1709 8007 7672 9706 9547 8381 9218 
16 9563 9920 8448 5662 559 7113 3851 4564 4667 4515 4038 1383 7007 6574 8532 9363 
16 1305 8783 7677 2973 7097 3778 3609 4895 8638 8026 8150 8212 5730 7351 1229 2995 
19 3090 7140 5500 3073 6316 3319 4704 8523 2377 7513 5824 1433 576 7440 3 887 512 2396 4874 
12 7936 8978 2482 9645 7558 7275 6677 6437 7823 866 5929 239 
15 769 19 2520 4761 5240 2250 2981 8378 2558 2156 8239 2241 6059 774 3536 
8 6277 8029 7347 4541 8533 3811 4772 8571 
10 7957 8024 9255 2216 3453 7882 7816 7837 9817 3225 
13 6706 8736 1588 2881 6454 6601 8116 5382 7271 4784 8366 1396 5780 
19 2917 7156 4194 655 9625 1465 2653 1311 1523 459 8505 1561 1810 612 7266 151 2805 2684 5019 
13 6381 9864 9804 2173 5221 1960 4499 3610 894 733 1857 7619 1750 
14 311 2566 5830 9962 7037 7493 7920 1461 1771 3593 5651 7402 3262 8258 
17 4758 1637 661 5757 9353 3112 9209 6132 4356 8809 8864 4072 1967 2596 7904 964 104 
18 1867 1492 9316 3833 8768 3082 1331 9177 2453 2121 3085 9143 4121 924 8725 453 2768 5852 
16 5324 3655 7927 6029 3740 1884 5557 1309 4924 9324 2933 6939 2762 3828 4512 5360 
13 1138 8711 9064 9440 4206 6179 7931 5250 8650 6234 3447 2947 6565 
16 4059 477 8203 4686 6293 4344 7829 121 3859 2796 202 2063 8492 8811 5502 8471 
8 9305 4984 530 7580 290 9179 6024 1817 
7 3817 8213 9191 47 9954 777 4369 
17 2883 3236 7768 3108 6498 2551 3345 8585 4433 9992 8125 9785 5442 2765 3748 3913 3674 
13 1105 8786 8854 6251 3685 3314 2040 6921 7627 9270 8576 5943 1026 
19 5445 3918 1697 8803 7710 9410 9276 3418 9655 6659 1197 1541 8218 2345 1814 6043 1145 4280 1824 
14 4679 8832 4099 9964 6962 9980 6596 1774 9333 6423 5537 1761 1235 3161 
15 7070 8932 4084 8285 3663 881 9928 7805 1051 3496 2621 3163 6105 2358 2719 
13 6815 5218 5517 1206 1294 1299 9482 2104 2021 3316 6873 4237 9092 
7 6901 7398 457 8088 9379 7365 154 
13 5934 7687 2230 7876 665 4953 9475 1023 536 2955 6442 3841 7313 
9 203 5234 8799 3121 4768 2595 537 3832 9629 
5 6044 3202 138 53 1053 
6 6843 9459 2948 4265 7549 7820 
