1 1465 3664 4750 6508 4151 6745 6858 3479 4456 3773 3796 5790 4131 9447 3752 2386 9102 1522 4990 7715 345 6847 631 3213 8163 3225 7193 3516 
2 7608 2334 4768 4965 7768 1075 5078 6273 9797 7875 9592 1171 224 1497 4316 8758 9468 9670 1290 4769 2879 4967 2596 4365 2937 8194 5256 510 
3 8089 6318 9755 9223 1757 3754 7411 5456 8839 7669 1157 9870 4598 7587 4275 3249 8866 7216 9725 6246 2931 241 897 7582 2477 3905 7003 9767 
4 9210 3855 5964 4150 1630 8280 3150 9847 9230 2801 6251 5289 3250 843 2059 406 5824 598 9943 1089 5543 5517 9976 5401 2748 339 7840 5673 
5 9283 6061 6092 129 420 5782 3018 6388 4347 3339 717 300 114 1620 1725 8189 9426 5388 2725 8855 6069 8950 185 4592 4614 8829 1726 7314 6050 
6 9741 8151 8430 8828 2012 7951 5166 5555 738 8654 160 5817 2841 7289 4119 610 5036 6945 4474 5033 7748 1361 2161 1868 217 6920 3344 965 4977 
7 8314 9849 5913 6924 2663 5670 1769 2309 9853 1206 8252 4343 2576 7076 4636 4079 4495 2298 7207 8691 1983 8556 6280 1373 1286 2705 3100 7853 9137 
8 600 8567 8133 4005 1599 6241 8864 9438 3779 4288 412 5419 9465 2234 3941 233 448 3819 9173 4398 5696 6640 3293 6559 5559 615 3978 9649 1777 
9 3901 351 9130 4823 4122 3345 364 9392 4576 2096 5278 4099 9286 7918 7892 732 221 6386 4356 453 3932 9258 2335 2963 6355 5525 8770 8815 
10 3232 6496 127 8840 2913 3237 1411 9891 4544 5842 7815 641 8955 9500 304 9423 378 4309 7847 3141 4205 4012 5084 7594 1473 4273 9151 5239 
11 2651 1892 3500 6960 2322 8461 882 1776 2175 1748 7266 2899 3501 7057 7555 6383 8701 5059 7709 4490 1533 3468 7485 3207 7105 8224 6809 7886 
12 8594 8204 2417 169 8470 166 9234 3191 1218 1359 4563 6212 3973 7145 5267 2694 3883 523 341 5320 7656 9166 2426 4876 2500 5858 3037 5637 
13 6637 765 7393 6029 3322 6867 4513 7895 8035 6674 9972 9011 4001 8937 2164 1141 9597 8209 8586 1623 8704 2221 4074 7665 2989 8659 466 8547 9342 
14 1752 7945 1065 1174 3035 2057 5445 5301 5433 8876 5326 5802 1928 3645 3895 1056 9470 3161 760 27 6107 49 6477 4195 2087 7630 7269 6440 
15 5551 3495 2854 666 6176 8965 2709 6901 9239 9869 8465 9838 8812 6385 6944 7724 801 7802 7807 1655 806 1331 9312 5357 8087 1785 3709 9722 5364 2680 
16 2822 7342 3382 3277 3897 6765 4312 3169 3184 9177 7502 7008 7156 3699 7586 3977 5540 179 7126 5193 726 884 1327 1684 8735 2571 9614 8267 2610 
17 6189 4542 9786 816 7624 3331 5636 1011 3155 7418 5303 8860 8425 2703 317 1612 1639 2044 5163 6879 3069 5574 6250 6202 9504 4706 7347 
18 9871 810 9250 3810 7484 392 5758 9989 4305 7471 6286 3309 6950 6543 9452 9809 4609 535 2021 3998 6030 2578 1973 888 4478 5542 6841 2782 
19 8406 9956 6991 7968 7578 2338 2017 974 840 1970 990 1291 2120 6252 8147 7908 9673 5122 5976 5890 6070 7664 751 4286 1360 768 4865 7340 
20 394 4631 4098 4709 503 4485 7767 9852 3387 7941 7934 2519 1846 9551 6997 6952 8115 8198 3565 1462 8737 1499 6768 9575 6971 7816 6560 2496 
21 7821 1061 1139 5695 836 4787 7027 3428 5703 8893 4590 8336 9159 336 1113 8666 1580 9529 4463 8808 9858 6208 736 9562 2305 2785 7214 
22 2635 6596 2835 1834 5584 6484 3916 7839 3710 4395 7256 8293 3434 5305 9922 4476 4699 298 7577 8418 1843 7433 505 7479 8605 7520 5091 3632 2503 
23 4615 6719 9505 1559 6004 1164 5579 6746 8003 2242 7905 1741 6387 1400 6623 8287 5687 7284 9806 2786 9401 9192 2637 19 8415 6523 9642 
24 4660 7538 1066 1925 4715 1993 6127 2321 2831 6267 7924 6581 70 3064 2219 981 6375 2974 8299 912 724 8448 6750 3942 9040 6028 1483 6729 
25 670 3774 190 2768 4199 6463 8790 5738 3303 7814 6353 4611 7287 2980 3656 7897 2446 2753 6681 1355 1040 6925 7127 4530 4819 5959 6389 2658 
26 2451 6424 1669 9803 8062 7979 3948 3039 9185 3531 4488 2051 8610 3135 627 9546 9851 210 6416 2597 8655 6258 2475 458 196 78 6797 9160 1396 
27 557 7703 5885 15 81 4392 1592 8462 5968 3486 7130 635 854 2170 6071 6110 2484 5988 4741 2826 8063 3199 3153 639 7279 2958 4555 4874 
28 9339 1311 4807 5348 3290 5306 2769 3488 4888 5022 451 4514 7588 7961 2548 1605 1762 3753 590 6983 1813 3001 6781 2247 2522 577 9606 581 
29 992 3550 335 1808 4975 9301 6521 5083 8602 6608 7067 1084 6907 3982 6452 7220 2173 2207 6348 2470 2198 5598 4960 496 1539 7532 
30 3144 6979 4506 7743 2394 7184 512 1887 1896 1979 8861 4581 2605 3198 3062 5955 2563 2332 8197 9395 6400 5448 2823 3686 195 3420 6234 9798 
31 3255 1690 1013 6149 7146 6451 2636 2949 979 3647 6988 5123 4834 7024 1093 9875 632 4053 4260 6874 4553 3623 4425 2375 2532 9319 3082 1398 710 
32 9154 9825 5937 3745 356 5209 5434 6211 9659 1691 9814 4374 8751 6398 2031 4112 8225 4751 1562 4268 7112 8961 2359 9632 9827 6270 6132 4900 
33 1471 1037 8968 4216 1889 7956 8633 4376 2063 6275 7874 9792 8843 6009 9216 6146 9793 4739 8040 6527 9025 1071 6547 1060 1448 3795 7836 7977 2993 
34 6844 4432 1191 2303 5657 2911 6657 208 4879 4482 6799 1001 8454 2462 3131 9389 491 4554 2320 9919 1991 7301 266 6601 7523 4270 3582 7370 6141 2287 
35 7994 6930 8480 7025 1024 3730 8789 6418 1325 256 4373 3289 2976 9007 1051 3885 7732 8395 1590 6986 1387 8455 7439 261 452 7937 2878 6201 
36 2992 845 7328 8323 4143 4638 5915 2026 4884 4678 2942 2945 8511 4924 6337 4613 3570 6475 3254 7796 9637 1965 6288 1575 7106 9070 5417 5254 
37 6668 7493 7013 3171 3695 7380 318 1540 7754 4362 6224 1588 5117 1187 3095 6697 7205 5691 8378 1509 6242 8078 6701 5659 4227 8775 8297 4770 7413 
38 9214 8405 6293 2939 8233 4313 1486 2231 3017 5141 82 8754 9249 5993 603 2225 2410 7627 5102 4605 2239 5189 4907 8246 5684 1472 8886 
39 5797 7917 735 9128 1714 609 1321 1484 5292 5428 1547 8823 5450 5264 8123 3342 3012 3087 3088 7546 4535 1505 4998 7456 7099 1800 824 899 
40 4472 3928 6639 1099 9966 9026 1688 2020 9530 5067 7351 7431 8721 230 5113 3938 2326 9464 2595 3028 1474 7223 3083 8566 9541 5779 6268 7774 
41 9924 6151 8296 960 626 2518 3572 3603 1027 7708 9909 643 9654 7508 2881 1831 380 7039 5604 2072 4754 4035 2114 9207 4734 8186 6897 9603 
42 9281 4235 4502 4956 5519 3117 7690 7879 9850 1019 2724 2177 1302 9844 56 95 829 3326 8229 3788 2001 1109 9812 7331 5949 3644 654 9931 
43 3235 9537 3050 658 2746 6261 8568 5295 9219 619 7283 6975 6779 8813 7492 6544 8138 1583 5930 4329 6912 9602 3585 8534 2717 2384 5431 502 4170 
44 7827 3627 5205 5750 5455 7429 6633 116 7141 3175 7335 2152 7071 5092 2076 4813 5204 4571 9229 4197 5813 2159 6259 8802 2847 5215 97 
45 444 3246 1923 6888 9639 1739 7064 8376 5820 7449 4018 333 5218 9333 9715 1839 5566 5671 7572 7639 578 4483 7798 484 5812 4599 2924 1595 
46 4759 285 1999 1771 3763 4816 4702 2408 9450 9316 7726 2947 4991 4601 8881 3212 296 6688 8838 6131 4919 7561 5340 9341 651 8730 7996 2527 
47 2181 4059 4066 7889 872 5223 8830 6743 2038 7461 8368 6433 9832 142 1460 9324 8706 2306 4594 8311 6661 7300 1582 7516 8243 4792 5876 6163 
48 6602 1363 6622 6406 2200 969 3102 4588 7702 5034 2473 2684 6181 7585 8907 2691 1032 1683 9531 3792 4282 2078 5336 6817 5585 8269 340 7491 
49 3814 475 6777 5115 9979 1094 184 6970 7037 5054 5982 8349 386 8 5785 7757 8028 1212 975 3216 363 8286 8835 1727 3992 1078 9917 2517 
50 3510 1034 8591 8623 878 5882 5862 2498 9005 5748 6671 8105 8114 5961 6894 8050 5957 5097 8015 7097 4202 1842 8126 3712 2884 2447 8316 8818 7687 
51 665 6670 6764 9883 5085 2568 1803 2673 6235 1247 5349 5291 8685 5121 9343 2887 1087 8312 4022 1229 6513 3592 9944 5570 4336 5214 8573 3079 9599 
52 4397 7486 2556 3349 9514 288 9355 4088 6327 870 9719 5479 5688 602 5715 4257 100 5956 4186 7094 8360 9209 8632 441 1508 5925 3278 5835 6905 
53 7323 1246 501 4218 2554 6291 6006 8919 4003 7023 9834 7386 2123 6428 5838 8489 9756 5247 8803 8302 4780 2460 1781 5233 8173 9899 4517 2555 3047 
54 4076 838 9226 8437 9138 9914 2607 673 1608 5383 3276 777 708 1417 5066 5757 3566 4703 3260 18 1064 3031 2116 8939 1833 9946 3839 2214 9526 
55 8550 1270 9950 9784 3556 9164 689 6737 9313 6255 1723 3415 3729 6590 6047 4491 7180 1189 45 8180 722 6578 982 8993 9534 2290 9723 721 
56 1640 8467 8079 2468 2905 3121 8409 4394 4144 7663 1091 6459 1125 9454 5751 6643 8772 4069 3772 8379 7310 4462 3425 5581 2307 4551 6563 3106 
57 5061 9247 5720 7059 662 6321 235 9182 2141 229 8916 6647 7989 5839 5605 5942 6169 8033 2987 7397 5625 3357 1668 893 7790 1600 4353 5226 7416 
58 8708 6686 8796 5667 6680 7258 3299 7980 5182 789 7465 5441 6718 6344 3179 2657 3108 2025 3371 9104 6195 9848 2990 5526 1966 6319 3528 2435 
59 2416 8982 664 8905 1514 2438 7392 5495 9092 1621 8856 6024 5663 6227 7068 4842 1972 499 6269 2179 7262 8631 1453 620 9990 8411 1792 
60 5499 4391 7610 459 9427 4552 7943 1193 5837 5507 4843 4211 599 567 8989 7625 4533 7332 2741 7273 5220 4509 2843 7855 1671 2803 6215 
61 2671 9726 9074 5114 8612 6875 8380 4486 6552 2721 20 7862 8690 6720 7034 6379 2311 324 3538 671 8728 7894 2382 8196 1819 5711 517 8798 
62 3122 6784 8512 1441 4083 4308 1916 4757 4640 1682 7038 4951 3245 4861 3524 182 8413 1740 4836 6893 4307 6454 822 6906 748 9986 7423 3374 
63 2377 8439 2603 9377 5307 5989 8319 3624 6472 9253 5310 6551 7246 7695 1170 5621 3318 5494 1086 2687 6193 3132 9902 3726 6359 2515 6638 123 
64 1108 2582 1815 9038 5150 8045 215 4355 6299 9202 8498 3391 8820 7149 5074 94 3511 9716 4388 2664 6936 9047 6253 7713 650 881 1915 6037 2479 
65 1385 2201 449 7480 2751 9548 8049 9647 1894 7764 7035 3547 9905 2810 8377 4229 8998 8424 6852 762 6607 6157 2373 5727 9758 9777 3696 4134 8113 
66 2264 4065 497 8048 2965 3266 3000 9938 4324 6036 2099 2609 2817 5760 1551 4755 9418 5815 6086 5624 3205 9495 8432 9923 9933 7950 7771 8264 7526 
67 9987 6000 6753 6381 7789 3846 770 3464 8903 5396 3314 2779 3463 556 65 3836 4009 1805 9008 4527 8410 6660 4104 6152 5279 7567 
68 8056 26 1703 1274 5967 2700 6778 2761 9724 6330 4887 3493 6455 1096 6290 1635 9563 1224 5185 7372 5420 9113 9651 1545 398 6866 4697 2531 7907 
69 1576 2794 7978 9384 461 4081 2608 4272 7110 4526 1642 7212 6367 4342 2938 2124 9386 4737 7942 4805 4708 141 5872 7601 2202 9044 9093 5850 6631 
70 9542 5938 2812 1699 4833 8650 1864 3820 8973 7483 4439 8447 6940 538 7074 387 4892 477 2111 9027 4858 8715 9571 3858 3778 144 8442 5210 
71 1964 3234 226 3098 1428 5143 5200 310 7045 9362 7081 7553 3684 8914 9358 5826 4163 1337 9900 7820 7735 5931 3423 9961 204 3969 3284 4299 
72 137 8206 48 9810 6868 1759 5227 3646 8485 1095 6573 5810 2313 9410 3887 6593 6352 7142 9015 8472 3412 3022 8083 5794 3450 9443 9430 7689 
73 653 8338 5510 3865 6443 6579 955 6873 8315 4996 9280 299 6580 8508 964 5651 2726 7812 8303 96 1944 541 3482 148 8707 9063 4511 7995 6421 
74 4851 4396 655 4326 7231 1680 4729 3853 4723 973 4856 2039 6762 2403 8900 3615 2431 5330 2722 6042 6066 3738 9062 4992 7153 4516 8486 3105 1863 
75 745 3170 6663 9955 9483 2166 42 6217 2623 4291 8877 1435 2674 7556 1782 4148 397 2270 346 1901 8325 9619 3587 2169 3663 6954 5032 
76 5776 8589 4480 849 5004 8953 9988 4250 8527 2551 8676 358 7845 2644 244 9482 262 8899 2472 5629 2034 7091 6464 8801 7922 3056 949 6172 
77 4803 3024 8398 5376 6274 5312 4092 7871 3881 5762 2512 6589 6377 4179 7691 3469 954 3124 9143 9710 3508 8009 2693 2961 637 9747 6263 1362 
78 7426 3168 5739 5515 4783 3048 3668 8910 355 3849 559 4891 3414 5047 1705 7377 7235 9486 7761 6548 6833 4619 6238 2404 6783 5917 9967 9403 
79 4321 9661 8072 2383 8073 4738 4306 2793 2561 9817 8888 3453 8351 6995 4364 4026 0 2117 5919 2830 205 8762 6837 6001 1384 119 9859 3707 
80 3362 2296 809 68 3701 7727 6615 9132 9424 8592 4177 2254 6017 2983 8795 2325 7629 984 8536 1115 1774 2437 8788 5664 7280 5592 9868 6649 6803 
81 7147 3481 7420 9407 6921 5609 7987 3426 218 1836 7333 5281 6877 837 9251 1172 4093 9344 1732 5865 8997 820 753 2263 171 8069 8359 7271 
82 8345 9790 60 5565 1906 61 8110 6214 408 9547 7823 9006 8344 4419 3785 9291 55 9069 3637 7958 3616 4536 606 8202 3987 2715 1344 2629 
83 7913 3075 8926 6870 9094 6480 5347 249 8348 2000 3564 198 122 6664 1852 4487 4749 5572 2624 8868 8020 756 1182 9021 6576 2827 9357 8469 5722 
84 4752 9242 7182 3063 2534 6843 3478 9379 3157 4690 2546 6998 9308 1720 474 980 5879 5271 4617 7779 1527 3860 17 9068 2818 6310 952 5006 972 
85 9487 3504 9469 8546 6282 1429 4794 6392 2960 7660 9034 2115 6611 5908 4668 417 1631 1651 6690 1342 7144 6354 440 2975 7929 8927 2900 530 
86 8098 4446 8025 8948 403 4586 2839 5849 3904 2918 5058 3297 3133 8019 1904 9429 5789 3375 1909 3915 6457 7249 6985 6039 4983 4761 2849 446 
87 7661 5335 1185 3950 5828 2100 2095 3983 4830 3165 8244 5693 5023 9843 9795 7199 63 7078 1251 2640 5140 9568 4849 4366 1114 4826 1349 9940 
88 7632 2863 6958 3475 3906 9677 5350 3280 5104 7670 5237 4686 2147 8638 1451 9354 2713 3112 5037 4498 4667 9244 8074 7375 8521 6158 6403 223 3398 
89 5464 5612 5916 2139 6312 8991 7348 9494 6159 7609 4656 9071 8825 4287 7101 1390 9595 841 3944 4662 8862 8013 5718 3110 2536 7260 7838 5472 4086 
90 4064 3180 8285 8732 8444 6378 6166 9674 6571 3361 7344 2698 2003 8806 7017 130 4508 3823 5707 2126 1512 8887 7856 5995 8099 8500 5028 1910 
91 7882 2802 7528 1821 2840 9390 9545 3519 9948 1670 6819 1022 5610 6271 8253 4108 2444 4846 6194 4428 8090 4241 8178 7682 2053 8010 3304 7746 5106 
92 961 4348 3655 597 1177 1440 3204 9436 8992 2557 1308 740 8537 5992 2009 2948 9682 7569 4718 5086 3657 2420 1840 7712 1880 1549 3402 3633 
93 569 1424 4659 9218 8692 2052 3740 5314 1192 3834 9856 563 3770 4812 5103 4548 504 4859 3975 7970 6854 2855 813 6708 5031 6512 2133 4130 
94 7575 625 7357 3931 5257 5359 4297 1419 4412 5658 1227 5404 8247 2412 6174 5478 6627 5414 1747 5892 3222 4650 8392 3945 3040 5506 763 8394 
95 4140 7336 415 5246 1249 2217 8755 5302 5175 8482 877 1443 6366 6683 4597 3388 7158 755 6526 828 6094 7139 5179 8954 6659 389 8401 1989 
96 9320 2764 1711 5996 7115 767 6675 3242 5821 5188 7775 6448 831 579 3494 7699 2230 240 9675 3966 6117 3863 1030 2196 4665 9612 9766 5360 7576 
97 601 9588 8026 7797 1854 6553 7463 1301 9288 2954 9916 9963 5258 1028 4276 3066 6333 2228 2940 9613 1695 2376 5775 6796 7462 4679 9785 2154 
98 3589 9135 2004 4310 6503 3702 3078 2434 2273 4791 4940 7058 8434 1878 5425 5981 903 2226 4762 5640 1986 28 4011 3728 3546 8304 8783 6479 6171 
99 4973 7719 9491 6935 1266 6656 8200 498 3499 1544 9499 8814 1947 7042 6449 4838 7154 7291 8366 5615 5622 5734 7251 808 3014 2328 8977 8166 7363 
100 9713 8947 88 1498 5679 207 2867 1432 564 1232 4881 1697 6470 2738 273 9559 9980 243 7505 7443 3822 6898 1579 7163 8791 2619 6016 
101 7936 4795 4943 9285 7382 7606 6243 8075 8041 1679 3193 9186 4422 8340 8282 5486 4653 9640 5266 944 9478 4408 5016 7615 6572 8743 3869 
102 4763 7029 1112 2041 2929 9146 8493 3181 9266 4651 3985 2856 6205 8065 3476 3671 8400 4595 8106 1883 1475 4815 542 734 3526 9147 6396 5049 4689 
103 6196 274 9746 4908 7415 5725 6621 7914 5252 1303 6184 7752 1959 7387 830 2184 8497 7993 5245 3244 9655 8135 3993 8362 6414 9686 7902 6595 
104 12 8120 6856 8463 3743 1275 7298 3419 265 1268 4242 1213 7700 1169 7923 998 6314 4497 8816 7598 3979 6500 3705 7729 30 7318 1945 7501 
105 9110 5943 7379 2002 3454 794 8563 9974 2232 9882 5905 9703 1488 1828 3025 7123 1672 9550 7167 9385 6885 896 4318 4883 4972 2543 8091 5560 
106 8848 1830 7401 3854 8750 3850 8957 7540 4193 7650 752 4868 566 6297 4225 368 6801 6123 1954 3599 1199 9304 7966 9885 580 4379 4352 4418 1765 
107 5045 404 7010 4479 1209 2800 319 2796 7679 4240 7801 2019 953 7343 277 5730 7437 6738 9984 9124 920 3612 8242 2720 6180 9462 8538 976 
108 1586 8393 7495 5631 3176 9096 6518 8717 8847 8722 372 3054 8720 7711 1770 1865 3408 6904 7022 548 9577 3688 8387 6568 4458 6051 5927 2935 9576 
109 5056 4245 2648 8744 5597 4982 674 6408 5089 4725 5411 4695 6734 3445 6447 6564 8318 480 4603 3051 1250 9012 7489 9081 4994 8023 4539 9480 
110 6423 8652 1020 2471 1775 6124 2297 8021 1766 733 8214 5168 1243 4985 913 4901 5039 3045 8972 7824 7564 9549 3994 3044 7809 490 9348 6536 
111 4070 2495 7172 3681 9750 3291 2153 6751 382 9884 1851 2759 2896 1795 4577 1452 3598 8518 8081 9596 2675 7292 519 9197 5341 7543 574 6093 1737 6404 
112 6807 5325 527 3918 8935 9772 8011 173 3801 4094 3483 8551 6351 9184 8870 6538 5173 9533 2601 8766 1383 5714 3373 6247 1980 5490 5512 1626 
113 659 9446 445 5460 6112 9240 9960 3650 6161 1082 9374 3145 1033 6113 7701 4279 5626 3252 7494 5562 8675 3520 2301 7646 890 3957 7421 4677 
114 151 4473 1778 6747 4696 2358 8736 3744 2842 2798 2890 1319 709 3060 2371 4736 9076 6486 5571 7684 5655 4728 2391 7600 7969 9926 5590 6864 
115 1768 2765 8414 2598 228 7772 8374 1439 6546 6522 7846 3605 8658 9067 988 9587 111 9045 6677 9431 3563 1454 6916 2731 2397 730 23 2492 4624 
116 9370 9497 3470 3913 2577 4285 1281 8896 5052 4863 7472 3506 3634 7611 7098 4334 4437 2491 6733 3914 128 5451 6592 454 2093 2906 7293 3641 
117 8096 9037 1329 7723 9032 4000 2390 6651 7201 2319 8152 1987 2079 1222 6741 4433 5241 4142 9238 3139 9205 9502 5520 5260 5284 1135 8350 
118 4959 2846 5068 3323 6972 3411 703 1997 8792 4499 2077 5962 4546 7531 3174 6219 8369 506 3736 5046 8663 9224 6980 855 425 4236 6216 9555 
119 6391 7510 4237 1409 9122 4932 4693 2336 193 5686 5646 1068 2877 4073 1718 3286 3042 743 8946 4875 9372 8064 6138 8671 9697 7842 8239 1297 
120 1571 7174 1490 2458 9453 2023 3113 5176 424 618 994 9501 3146 7791 9995 9822 8836 7475 5852 6869 6143 6315 2883 786 5906 6880 4955 3747 
121 5918 8895 8165 6473 2050 6821 940 7277 2206 5489 9544 3130 3542 6748 47 6225 2244 4608 6774 271 4233 4426 4361 2176 6407 9098 8890 3871 4711 6090 
122 6949 5382 6264 4649 9611 2357 9908 7750 9953 5132 2866 5997 1458 4160 1391 9399 9294 8268 5430 4927 3923 2874 5656 977 6928 3961 3380 6624 
123 3422 1941 1841 1 9381 3715 8367 9271 742 5354 8054 4532 1694 7548 7738 6539 8241 8195 7634 7581 9340 1207 4448 5 8342 426 9451 3471 9957 
124 2804 7565 7870 3658 3330 4191 2345 938 242 3783 5602 7530 1932 1482 8108 2224 634 648 2245 2191 2360 5327 3976 9685 891 6011 2058 8630 6147 
125 1047 2350 853 2251 1643 407 1008 7239 4263 8357 7705 5136 344 6891 8421 4726 7247 839 991 4284 6824 8450 7519 8218 7676 3160 2956 3385 
126 4051 6769 5907 4716 5243 6015 8969 9935 6558 1518 7760 7399 2388 3448 2892 1438 9512 4034 267 2448 1437 1981 8738 9952 5724 5649 8584 3058 5452 
127 4465 2085 1555 3697 7741 2035 791 92 1656 3886 5381 520 139 3010 921 4854 9616 8027 1335 9610 259 4021 1826 5224 1950 1332 3167 1677 5680 6089 
128 3152 6153 8016 5894 3390 8680 6266 105 8873 1871 8213 1388 9157 2499 3270 3676 4050 6759 7631 9087 6080 1528 2977 4319 1226 2880 4774 7773 
129 6228 9030 5196 5674 9734 303 5692 7466 6918 1080 3335 2049 2704 3628 8435 9930 9049 5740 5149 2996 9141 7136 9485 7047 2103 9911 2267 2593 5272 
130 1140 4979 329 3780 3619 6519 2428 9405 5747 3682 8012 9688 5346 682 1884 9594 4969 833 4055 4300 9518 8427 9818 4449 6012 7725 6959 3020 
131 9188 22 6887 3693 2252 9321 4277 3325 8644 9657 8121 8858 5827 8184 2665 1534 6713 5002 7960 6192 9318 6289 4154 5614 5710 9473 5001 8695 
132 7425 9444 9459 2915 2134 1603 6298 434 8540 4541 9367 8412 5578 7972 1450 8712 192 4492 3221 6603 8211 6390 3711 3947 3353 4560 1326 9826 
133 933 5129 7694 2970 1464 396 8284 1734 2845 6187 5095 291 2789 8136 7198 8174 6402 3593 7478 5928 3337 1480 1526 4745 842 1294 4255 848 
134 8945 7780 7030 1138 1421 8764 8177 2743 9414 1531 3793 2119 3487 4712 9298 937 5186 7584 5985 7324 7668 5823 1004 9556 1118 8681 8618 6054 
135 4188 1845 67 1613 1447 2676 2917 2409 2600 4928 6170 6953 1649 781 6501 5408 9296 9404 7831 3750 1754 6369 2904 9977 7704 676 4673 7398 5064 
136 1573 6667 6199 5471 272 3163 7148 2770 4024 3068 1985 7422 1919 908 1134 8094 6305 6964 2401 5098 796 113 8575 1377 8515 7434 6239 9968 
137 2208 3703 255 1050 9753 8420 3803 9942 4189 2510 4139 7524 9227 3009 1855 8354 7498 7128 8232 3336 8300 7861 4623 5231 729 2344 1696 2581 2106 
138 9434 8503 3026 8889 8819 588 4974 1173 8626 6605 8622 257 2832 4742 2368 6281 3575 594 8443 4777 3965 6902 8187 3509 1403 4953 7920 6655 3766 
139 9887 3451 5563 6091 1553 2136 5367 1341 5886 5424 58 8221 2032 2550 2836 5729 4058 537 3775 5287 7813 3690 698 5514 2865 4894 3007 3554 5884 
140 7583 89 3700 6031 3008 6279 9393 8505 986 593 1328 5833 7000 2545 3896 2109 2928 2258 1272 7944 4970 879 5157 8694 3456 2370 1790 4643 
141 4767 7296 5933 7243 2185 5101 6726 8672 8440 4109 7408 1167 4564 1489 375 7264 5545 4524 4835 3006 1648 5164 1698 2783 6292 2730 795 9828 8931 
142 77 8729 909 7190 5147 948 6702 9582 3714 4558 3279 53 5765 6186 4370 168 2592 323 7432 278 2815 9743 9679 1107 8042 5936 1104 835 9254 
143 101 473 1338 3986 9119 214 2056 4014 2246 8782 3907 1646 1584 3621 3805 7843 4145 2110 16 6231 2999 4040 9305 660 120 7089 1890 1267 6064 
144 2850 4259 3118 7688 2735 9789 231 4230 9879 9326 2834 1563 4872 3818 9671 4350 3369 4105 3418 3717 8085 667 1952 7896 9523 3716 5677 5716 7898 
145 9013 6896 4993 7697 5262 1561 4301 5169 1835 4431 9561 5549 4666 9134 1837 5372 9629 254 3377 1042 3295 268 7500 4782 8553 9862 5160 5634 3005 
146 4934 1190 8849 3866 8203 790 9564 5511 8181 4162 4434 7784 3848 8885 8786 2978 2652 6287 3432 8456 1948 1152 9347 6430 9516 9585 9644 8752 
147 206 8834 6818 3305 337 9855 6111 5438 924 4203 1824 1404 9080 1962 5518 1885 5627 1902 6570 8599 3725 2283 6886 4019 7477 7965 2529 9913 
148 8994 3631 8933 1975 7985 3410 4182 9570 925 4030 4123 6182 7428 188 946 2192 3534 2112 7092 7 866 8358 5315 7522 5984 5429 2272 2015 5192 
149 6422 1129 4764 1859 8539 5250 5743 5352 4451 4561 4637 4727 309 6645 4828 1067 5923 3927 3055 4785 4141 138 1569 7018 9712 3405 6160 4922 2677 
150 174 9739 8970 3559 6350 7714 6104 8872 5861 7096 6209 6772 2389 6043 6705 1875 7436 9508 9472 6895 9540 6079 1899 6533 640 4682 5778 5207 
151 4077 5836 551 1589 59 6911 9954 9106 7930 6384 5950 8436 5161 5807 1352 4206 6939 7409 4860 9268 7919 5921 7100 3997 2626 9079 3467 2951 4963 
152 9158 9445 7396 428 1607 2165 2467 4393 7591 6295 6262 1214 5496 8383 7952 9615 4124 2180 6791 9293 2171 8279 297 8817 9024 8986 3930 7804 418 
153 7417 7381 6878 8585 3294 8583 3782 4565 4574 464 1225 1629 8604 3758 3888 5970 8971 302 3370 6313 5978 468 5216 2284 8514 9678 7899 560 2718 
154 3386 9212 3629 7252 2352 4354 163 2852 5860 7954 4781 6848 8660 8141 5345 1735 8756 5042 462 6802 3873 8201 9636 1814 8375 5617 4684 696 
155 9048 93 327 6698 4559 4635 8175 7378 2476 2070 9759 8188 3583 2760 2539 6349 9998 7188 7261 8821 7056 8718 9656 1478 5274 1070 7849 7885 
156 8219 1386 9742 3043 5909 3274 2641 7488 3543 2182 3545 7281 3359 7662 8139 6628 3573 2069 7349 3076 6164 3052 6857 9031 5548 7088 3867 2493 
157 9167 4661 7250 1674 9626 4566 6989 3802 2541 4333 7274 5288 9364 31 8549 1886 1194 354 9945 8611 8172 3654 3751 4410 9029 5620 4110 1153 
158 1716 3831 8385 6474 9965 4125 4029 7799 2488 8679 6665 647 5769 857 728 1829 3960 9524 904 9194 7534 7016 4484 2750 5390 3310 9382 2633 3226 
159 41 5466 5864 539 1389 7667 629 6978 3677 2054 8283 2275 3777 1493 1663 1570 6465 7427 6393 2276 764 2528 8689 2625 3958 286 3828 5737 
160 5013 4302 5554 1519 5399 8417 4220 4671 8457 7290 2061 6097 3367 9901 6320 2950 5000 5772 6306 8579 1077 7901 6658 7093 3600 6775 7607 5822 
161 9412 861 1530 7981 7649 4180 2621 2135 4192 6823 7242 8346 7458 7622 5190 3399 3804 5553 4852 3341 7197 6088 2986 7341 7541 3147 9865 9162 
162 1807 3781 4995 7229 2084 7175 1749 106 7482 1316 3790 7644 7403 1743 4632 5694 2107 2046 3851 4648 9233 3861 3021 24 6221 1633 3757 3529 4575 
163 525 1924 6460 5236 3395 8713 7015 6098 9309 847 5855 4292 5767 9042 3440 8577 8995 6724 9757 6284 958 9609 2436 2327 3013 9422 9099 2405 
164 3874 5534 3936 7457 431 5415 5900 7597 9323 5070 5596 3057 8557 2353 4447 4420 5642 9586 1245 966 2957 4023 3626 6102 858 805 4698 2212 3530 
165 8423 4500 9036 7921 4528 5796 9802 2237 3036 8727 1103 2807 6509 7808 558 7514 8959 5898 9016 4885 4252 1106 5154 5407 4137 4345 8373 6951 6786 
166 7652 1491 3971 6002 2047 8700 5705 6436 1126 9307 1289 8561 115 6136 1457 4138 4837 5630 6053 6332 4072 5991 315 9290 6915 3196 3217 6597 7206 
167 6041 5146 686 6492 3366 9720 2781 2312 260 614 4773 6309 9232 521 5355 5589 5251 8642 347 5806 3306 9535 87 5385 8892 1322 3333 2102 
168 8785 8471 3898 4278 9149 1912 1520 8619 1353 5099 2628 7982 509 5072 7362 8128 6757 7974 771 9745 7268 7451 5980 1537 508 9764 2348 9801 
169 576 1358 3578 9051 3049 8265 2672 4733 1838 134 8212 3816 1127 9009 4367 4423 1049 6342 4132 3737 6641 7904 3162 6010 40 8742 945 7651 
170 3921 6487 914 4534 6236 5050 472 8263 5145 9375 7766 3954 5912 6914 8488 5645 8533 5235 5798 9565 8058 8343 8159 5628 9704 2615 3201 4417 6206 
171 1998 8245 2553 8002 6789 3346 2300 6816 1097 2645 2923 4913 1279 1102 997 8199 2199 5616 9082 4730 6046 9175 8044 2256 5558 5374 125 2337 
172 3708 1511 8169 7893 8192 1282 90 3298 4246 6232 2589 1914 2091 338 2341 4844 4521 4084 2130 3444 2627 1161 6908 1346 7151 8059 2098 4870 
173 1812 8382 7474 3321 9771 7285 1413 1943 5300 2279 5328 7837 4080 3943 29 7557 334 5356 1822 8523 7685 2668 5379 6323 1942 2118 3768 7020 
174 3765 2712 5194 2304 1052 1922 3032 -1 6943 9269 331 1394 7442 4600 1891 8925 4377 4569 811 5926 4898 4931 9317 4325 2392 5808 320 7653 9769 
175 3830 9560 1804 349 3953 7248 3442 7116 2288 4784 714 5698 608 8006 5201 3101 1847 4304 6776 8929 8353 3999 5119 1236 9578 636 4964 2148 
176 9179 6256 5323 2714 6373 8909 131 5156 176 430 1693 7938 7940 6600 5378 7125 1976 6325 7224 6554 1477 1645 3446 6076 1395 2910 6156 2790 
177 2585 3208 1955 143 5854 374 9824 8967 6853 9435 5120 4989 5017 9489 2816 3962 2218 2424 1844 437 7445 7912 2587 7733 2421 46 5697 7164 3231 
178 4118 4493 7114 5111 779 1256 4947 5009 7404 575 5903 8007 9248 3694 5131 6845 2205 7217 3407 7623 4971 5202 3308 941 3368 8408 6754 6829 6245 
179 4522 2090 5502 3311 2194 3679 2294 2590 2265 901 3319 6704 6144 9277 1872 692 7195 1494 2838 4358 3791 3496 3625 8705 7643 8017 4871 4267 3187 4360 
180 1578 3103 9941 8918 3581 1259 1132 4136 7391 7467 7267 4152 2824 7299 917 2981 1455 802 6937 4878 7159 161 2618 1111 7288 6058 8915 935 4013 
181 3490 815 8491 39 8272 1216 6220 8740 8273 2594 5174 7872 9738 6405 6417 2282 9065 9652 3620 5361 1604 9398 8168 1713 5465 9903 1927 8897 9345 
182 3215 3491 2953 8716 2814 2393 8092 2737 9337 9125 885 1459 8034 3584 3513 5564 6517 6711 8670 8097 5787 4172 8646 9073 5195 5728 118 7186 
183 9600 5387 8951 8884 652 219 6865 8388 9732 1430 7121 3452 1320 4747 6691 5377 3970 7230 9729 4158 6106 3525 5557 4680 5863 6666 7860 9409 469 
184 3872 1538 5527 3148 6444 8765 8932 7959 8686 1300 3742 2646 864 1466 6413 814 3649 4556 4201 4404 7169 7265 9690 4467 1253 572 6265 2967 7048 
185 8543 1751 2441 9041 2238 1292 9664 2449 7162 2060 832 8190 8230 8962 4127 6610 5446 3595 7002 4440 9136 785 7566 2339 9019 7191 1463 5480 276 2422 
186 8857 6981 7447 1982 2569 8236 5524 9406 4691 199 5878 9969 4987 3126 3316 5219 360 7621 301 7140 1849 3092 6108 9622 1876 1265 7213 8773 6278 
187 8077 9691 9440 7647 7366 7666 2257 7053 6469 5509 3507 8046 5280 1951 4416 4311 5075 4243 5211 9748 5337 7192 6839 8741 9877 1315 9397 2074 3443 1198 
188 305 5800 1195 7330 3149 1263 5795 540 8234 1309 8510 6706 5394 798 6374 9672 4032 1788 3614 9800 5619 8228 1496 8191 8532 4025 936 2455 9203 
189 3154 5096 4806 7218 1596 5704 6709 7440 6561 788 1073 1165 3838 5781 3940 7270 1046 2378 4923 7365 9842 1686 1310 1789 8001 8749 6434 2156 7263 
190 8043 8363 6150 6362 8529 237 2837 5638 4520 6014 1418 1205 5889 4545 8760 1053 9408 5398 6826 9198 1076 6341 3223 3492 515 3348 6679 6834 
191 7276 7178 5135 5880 2766 4247 488 9744 6792 7389 2067 9331 5829 3811 4550 8222 1468 1905 800 8799 2749 2485 4461 8322 4406 2778 2486 8513 9981 
192 4181 9287 5902 8777 9898 9962 3224 7295 5405 2946 2372 932 6177 7241 2423 9680 6976 4644 7562 3787 4219 2933 348 5358 6505 3984 3900 9509 
193 7781 1572 3680 2227 4185 705 5021 2773 4043 1306 7304 1181 5427 7004 2670 253 2042 1223 7509 1969 2732 7390 6693 4978 4489 6040 3466 7805 4914 
194 1407 158 9360 9932 1123 2767 681 6358 5311 8288 9770 6650 6084 6700 2614 8941 774 6876 9927 5443 1333 7033 6100 7976 8822 6135 4912 7173 8682 9740 
195 3439 5702 725 4090 2395 5081 1372 661 21 357 6530 3669 7595 7307 5014 8620 1495 617 3789 507 8661 154 5436 1632 4904 7737 9292 7592 2660 
196 585 2995 4765 7119 5170 9776 9503 759 7659 3253 167 1492 3974 258 6025 9876 7672 3601 99 9004 1025 1380 9788 6334 3929 2104 8940 6805 
197 4114 1124 8142 7350 6814 5866 3618 7999 2988 6356 4167 1617 5690 6715 919 6652 8216 5130 6735 3899 1921 7338 8901 4583 9475 8271 8588 6646 7009 
198 5834 1598 6609 275 3 5573 1793 7200 9181 86 4271 2927 9749 3925 7297 5476 8220 8332 3275 4685 826 1273 9538 6052 6744 8060 3718 1000 8908 
199 7673 3719 9583 6257 1196 3756 7405 8571 1305 3085 6068 5532 5851 4748 8600 3136 4622 9425 5654 2489 943 6804 1330 2482 7452 2092 5470 7469 6731 3817 
200 3591 8182 1745 3902 5332 4164 4626 6035 6977 7628 5296 6861 8506 1869 5151 983 6606 1857 4161 9700 7402 9297 2189 3541 8554 6532 623 4525 5689 
201 1825 7204 187 7448 6409 2774 4721 4949 9780 1882 4832 4289 7055 3268 6482 7680 1168 246 2459 4710 5742 8156 311 6021 1764 5848 4713 211 591 
202 700 7605 9567 6233 6072 3317 744 1166 5934 312 6317 6692 3685 4616 3400 5736 51 1622 5749 6382 9061 4120 8647 2260 8217 6495 2955 7455 
203 9350 9193 5770 3259 3762 5999 7202 5669 2540 2302 7134 6892 4688 9457 177 9711 7887 8132 1719 534 3356 5662 8125 8984 817 1797 8227 8131 7539 
204 326 8084 7792 25 8949 9973 162 1343 9985 5768 7414 8088 4315 1175 9260 3151 6929 5198 6044 2638 2514 5413 7817 3256 7971 8636 4618 5316 9994 9153 
205 6569 2155 4337 486 9805 5895 8005 9394 1724 5975 9920 4020 2065 776 4778 2014 1827 3192 4786 6468 1158 7953 5087 3065 1811 3733 4057 9872 7233 
206 2037 1567 3692 3518 9174 9751 4529 5432 8255 7596 1255 6190 2075 4929 3033 6461 8275 3084 489 2649 3808 2620 5318 1016 4630 6168 5053 844 7367 
207 680 5523 552 8565 7441 1658 6815 1897 2982 1426 4821 7354 8664 3389 8337 6165 513 8479 922 8495 2080 9681 7497 1715 7806 2736 6188 5987 
208 3248 7638 8902 2398 905 5019 80 9183 35 4262 3397 3505 1879 5893 672 5726 2756 9020 6109 8673 5870 5575 7657 8509 6324 4436 8639 4062 7325 
209 9105 803 1895 5475 2639 1379 8725 1244 3194 669 524 9089 3433 3283 1760 1666 4882 2696 4452 4893 3964 4557 8904 7286 1681 1938 555 7065 8193 
210 8140 2413 5148 3332 2755 7481 5477 2744 9618 5974 5221 6585 8930 5107 8863 6695 3661 460 6119 6787 9270 5901 4612 7227 8305 4290 2066 1850 7259 
211 5831 9442 9199 5386 3706 1587 929 3586 4002 7329 8572 910 3878 6835 263 3072 7931 3884 1479 863 2604 3672 5299 8746 8109 3652 7964 8963 
212 5587 3287 2889 6401 7866 8662 2919 1367 8004 5522 4061 83 8898 8774 381 6836 3813 6493 9921 5178 1431 3989 9949 9765 7616 4351 4501 7946 
213 6506 9687 1806 2243 4621 6254 4322 7368 8640 5402 3862 2369 1971 7257 5731 2474 9168 9997 3262 5093 5960 8484 9522 7769 7730 8352 5990 518 
214 3015 3383 8124 4869 9078 6676 737 9054 1931 4016 1038 1525 6237 4409 8882 3919 2255 6078 1779 6862 4512 2365 145 8621 5945 6919 102 1990 6842 6574 
215 9391 6020 6728 3384 2505 683 5911 6445 9490 6276 7208 2985 4905 3704 3053 4147 9046 4042 1264 9910 6372 3749 8103 1685 7603 3354 6820 9543 4274 
216 7137 4468 7221 701 1277 930 907 32 4453 1119 9055 3824 8768 3302 6207 9231 3046 3959 7132 3689 561 9683 9204 2433 8809 6357 2122 2584 4788 
217 718 1186 522 2523 5108 5422 72 5124 8422 5073 1848 7194 1918 8370 3219 3683 4537 9261 2419 3665 6467 8880 9373 3558 7476 2833 4997 5929 7916 
218 8597 2162 9991 6230 4049 4717 6410 9752 1758 6871 6032 2411 4294 9117 6397 4675 4799 2086 9895 5922 200 8520 6770 5090 1180 7967 1637 5203 693 
219 9580 5672 3764 2204 7706 6555 1092 7109 6537 5342 6710 5035 2655 7311 2729 1516 2314 4945 3727 3731 4981 4743 6419 5444 8031 6782 4591 7536 7640 
220 819 3209 7438 9018 5180 7720 9120 3438 4798 7834 4496 2825 9310 3827 3462 5593 7364 8570 6139 4210 1978 8251 112 7118 1936 586 3365 1689 9211 
221 2848 928 7394 1204 3267 7602 52 7890 1706 1476 391 37 5248 1961 7345 2150 1382 2308 9265 6588 400 6476 9100 2062 4687 395 6721 1664 968 
222 4610 7046 9694 3678 3611 1461 4941 8453 8648 110 3607 685 1043 9735 7011 2277 1536 3431 1057 103 8070 5242 8555 2926 8980 3815 7696 3875 
223 3186 3239 533 4168 8129 3622 8936 3271 8827 1678 4261 2650 6813 6727 2631 4212 3604 2418 1501 3568 7503 9131 2502 7219 3236 4681 7007 9402 5485 
224 5481 9245 181 2511 7278 4017 8710 9314 8291 5801 3544 867 8733 3240 4097 4760 8687 7911 439 9084 2022 135 3590 8964 3097 8080 6761 6541 9836 
225 3352 7228 8656 9235 4414 293 1054 7346 8250 2891 4578 4222 528 6023 5719 3210 4954 1653 6057 1083 6604 7468 5648 3351 6827 4840 9387 1366 2979 
226 4966 1142 4756 9591 4194 8071 9228 3829 9807 2008 5591 4999 3094 1935 9706 2580 5483 1072 7282 5753 3269 2088 5623 9123 2504 6027 4515 2216 
227 3635 5029 4700 2692 2613 8276 9536 8678 4873 6629 4897 1753 6881 1090 9799 712 5025 8309 2452 7240 1233 316 9432 8769 5804 3288 6946 1184 
228 6780 7544 8869 3004 1736 9589 1853 5395 1602 6328 2027 8504 8938 7859 865 6364 7835 353 5462 2870 9774 5024 5588 6498 6489 3327 2968 2586 
229 9190 1787 7014 9731 7984 978 7086 4968 4464 2787 7742 5439 38 8665 2427 98 4327 1402 9155 3713 3396 8507 4295 2952 3935 1014 8061 7470 
230 294 595 6594 7863 2140 3609 8833 5874 3769 4157 8616 9727 9215 7117 9255 9289 6520 2944 4298 4825 3474 1323 6591 3497 7867 1304 3172 281 9557 
231 2599 2697 4258 1147 3523 2048 5521 1003 4047 9553 596 3329 1866 1934 1101 7129 9665 2888 470 1709 5138 3934 7181 1085 4221 2708 4196 2984 7554 
232 7319 3859 5983 5814 778 9707 5187 6993 5877 1241 359 9779 4378 2723 1967 699 2820 8335 758 656 8784 6466 4335 4007 252 2040 4831 6087 
233 4890 6329 5048 8399 3949 9519 7864 3334 8580 3129 1010 1556 9217 6485 2758 1893 8981 3230 9479 7955 8404 4568 4504 1593 479 367 3539 8464 
234 3659 3197 4753 5536 3409 1574 6550 4549 6534 1258 7521 8966 5868 8254 5717 8294 2567 5392 2271 3011 457 9604 2611 6085 3939 9773 2828 7717 7648 
235 1110 8298 4793 5184 675 5948 9539 5505 719 9441 5792 1798 9650 4293 6771 7012 5393 5418 6966 3427 7818 2316 5380 7051 1625 5397 2030 5283 6478 
236 6095 7131 4165 3338 9983 3404 1786 384 379 4930 1217 9109 1162 9369 4044 6669 6118 8757 9527 482 3281 9264 7203 4266 713 7745 6067 8289 361 6587 
237 9140 9156 2068 6116 9189 4 8608 5162 8397 5406 7949 2642 5846 8014 8559 6840 7736 5650 4015 3096 1662 7444 4789 9276 414 2998 4790 1234 3594 
238 6974 993 2364 8624 6283 4627 8745 3857 2402 3480 2734 2121 7006 6175 5071 957 7833 4705 8458 487 3522 1128 4732 9864 9000 9915 1105 8313 
239 4113 772 280 9127 5998 170 1130 6056 9043 8237 5780 1907 3833 6142 2682 8596 2707 5754 284 9315 3760 3114 5871 825 4926 7857 500 1149 8478 62 
240 5253 5324 3360 9521 8281 951 5228 4068 4808 7915 6096 7090 7927 9221 1351 1408 9196 3868 5639 5635 6528 2772 3164 6910 3841 6307 5608 6497 5043 
241 2583 7255 611 8564 5482 2342 4303 7537 2432 9993 362 3227 8831 2997 8333 511 8372 3203 2172 2591 5110 2346 1988 7359 1469 6531 7552 868 3809 
242 2222 6226 5607 9939 3952 4226 739 3643 3429 109 2259 9056 6992 2055 532 4339 7675 2689 7962 2860 766 7388 6272 9666 9709 8483 2813 6545 4328 
243 9144 3580 5594 4213 1151 6766 5165 8364 1820 9498 9259 7327 4265 2858 679 9176 2871 9039 4647 7683 1378 6567 9085 9363 373 6365 4579 4889 2667 8693 
244 2869 9959 6577 2932 4776 7179 6499 9484 1148 4228 5529 3190 2922 248 7111 6099 7563 7499 5339 6899 934 7302 7599 3840 104 4839 450 4584 8669 
245 5370 749 9335 5133 4399 2400 1299 2241 793 7077 8308 6913 2934 7339 2742 5766 5774 2215 2132 6126 6022 4674 2073 3837 4060 8067 2440 3956 3569 
246 8171 1823 2240 4802 3761 7176 783 4596 9171 1809 3211 9066 3552 3123 7320 8629 2526 3926 7352 3472 5777 3968 314 4175 3080 8240 3662 4585 2564 
247 6055 1937 5582 6969 9635 5859 4075 5217 5759 5501 3312 9574 2354 1055 156 5576 5530 1949 645 1200 1283 9839 8852 463 3937 9893 5969 4036 
248 3447 2647 9819 9645 3372 592 7085 5137 8262 467 5513 4400 222 3922 1145 7170 3640 1345 2028 6198 8339 3560 3698 4254 7710 4810 3137 6973 7721 
249 7850 7854 4169 5668 7150 4676 1546 5783 529 4735 3741 7107 5440 9791 8328 7762 9892 6248 7782 3963 727 216 194 9064 8116 9421 7122 2006 646 
250 6429 8183 7786 5344 8832 6122 702 995 8321 8476 2029 9663 780 124 7430 9569 6395 1449 874 8999 4028 9630 4906 633 859 8985 4962 8008 
251 6339 9763 2329 1035 7083 4008 7841 307 6614 7044 8651 7810 8144 1543 9206 8474 7211 6616 8865 4085 1756 1007 4562 962 5685 4645 2702 8917 2248 6412 
252 9821 8560 7215 6889 967 5459 3185 1242 3933 8637 2285 5500 9050 4424 9366 1062 4814 8460 1930 8867 6218 6125 2442 8810 234 6494 2788 4253 6510 
253 8231 4921 1284 4895 6515 14 1541 6294 1619 1081 4063 7376 4429 8037 152 9311 3894 7822 369 1900 2454 8407 9904 3449 9133 3651 695 2622 
254 6884 624 5755 7041 8082 5447 6984 9598 2573 8875 892 7031 4455 1700 2559 7032 9263 886 7063 9511 328 365 5018 7353 6200 438 7728 5550 7819 
255 7848 9813 4877 5076 3461 3991 1968 8726 6360 6162 1088 5508 9992 8535 4381 3027 4331 3128 8842 4811 9428 3016 5003 6516 2795 1799 8076 6441 9781 5665 
256 2716 2829 6795 8502 1862 6717 4902 7358 419 7303 8066 3489 5331 1660 2868 6990 1012 247 5077 747 3537 7986 6140 7990 2903 8150 3070 
257 3424 279 9256 287 1079 4174 4857 6308 792 6343 1687 821 6947 6336 1357 4372 1510 1350 1215 8524 6033 117 4341 731 2268 2775 9730 6662 2506 
258 4903 9717 9201 2168 4909 9461 6426 9349 5158 8024 1348 8158 2719 5599 4917 5539 902 2662 8826 846 7225 2158 9878 5285 6338 7412 573 5020 5643 
259 3182 2562 8653 6934 9701 4654 7157 9237 483 8468 7061 3401 797 5973 2966 5803 7794 6962 5497 6504 1393 706 5249 8928 7550 5535 7001 6148 7133 
260 3189 6790 1733 746 9072 2351 2105 3870 8811 3864 1667 9028 9178 7103 7490 6133 3798 6049 8155 1074 6296 8274 2728 9033 7395 1485 2806 4096 5920 
261 7642 1594 3574 5127 2 442 8753 4357 3099 4899 8793 9907 7829 5816 2799 9728 4239 612 6335 1581 7939 7453 7464 9200 6760 8164 1269 4707 1650 
262 186 8038 5940 5941 3125 4572 9830 4827 7747 2414 2229 999 1746 2588 1307 3852 2289 8118 2343 9170 9492 8530 371 4958 7410 5275 7925 8306 6626 
263 9052 4829 2792 927 4606 7722 342 3996 2612 2959 9918 4100 3355 9413 5799 4413 2797 6648 4910 5601 4938 7450 4847 3437 3156 9346 5844 9108 959 
264 9057 723 6682 33 2962 5116 2220 6642 8000 2936 6859 3109 5082 2415 1641 2844 7171 2739 8154 7026 8402 5744 1513 3577 4720 8145 5255 2466 4363 8310 
265 2994 4048 5531 1036 4441 1960 5681 1150 8517 7744 4855 4518 3720 2013 7113 3673 3498 6961 8494 2973 4507 3724 4209 1873 180 939 4547 4338 3435 
266 8979 4804 5965 9605 5939 5541 5856 8477 6185 6707 9525 3981 9279 5832 9325 5661 4469 2701 5334 1156 5171 3576 8111 4935 989 3473 8878 6490 
267 6129 3755 9116 5544 2292 1238 7407 183 9058 8699 5473 6917 2886 5197 1481 4176 9213 1610 4841 8702 4215 1858 5708 8541 7385 2007 2780 7459 
268 388 687 3533 5126 4714 4249 6303 4115 4116 1006 8667 8942 4283 4214 5026 7052 3638 6723 6694 8160 7254 6115 2565 4149 5172 6304 6882 9554 6575 
269 7677 7612 5474 4936 433 2872 1197 2330 4639 1791 4430 9820 4178 405 9090 7306 7749 2909 7963 121 8805 136 4264 5676 7787 1021 1874 4976 
270 5454 481 6599 1861 3416 6752 455 4523 1120 471 8259 583 393 876 4156 6450 4692 225 9778 8794 1356 1201 2024 3458 9641 5947 9696 7533 
271 3515 3178 5212 9631 9396 514 7238 2535 4340 8149 1434 2187 54 5449 7830 1381 9208 9623 9161 8207 6018 2574 8837 3111 716 8879 2399 1502 5706 
272 690 9439 4567 7751 7108 7991 1611 2643 7355 6229 3228 5063 9115 6810 1913 2250 2752 1160 5384 5467 1560 2195 4323 9507 3140 9804 377 6632 8179 2450 
273 7317 4800 7707 7928 3258 308 5498 6685 8459 1369 8987 1707 75 1261 4010 4166 5484 649 7446 6063 6130 8101 1317 5008 1946 9022 3023 3856 9417 
274 2149 2710 2784 6462 8326 2745 6048 4349 4952 4387 4039 3430 3019 985 8148 1069 5504 6849 1731 9510 6557 4153 9378 1856 8776 5109 8581 6331 1314 2387 
275 3882 3826 1767 476 7527 6793 1591 1257 2280 6471 5412 3272 8854 197 3460 4111 5294 443 8055 6380 7419 1018 8301 1208 239 4460 4766 9306 
276 7079 4670 4121 5128 2859 1794 7571 678 887 203 5313 4382 3794 1405 8347 757 5238 3324 8112 7506 6922 6635 1810 2094 4411 950 9014 84 
277 2862 2089 4087 3597 8052 8249 8923 2907 1881 1609 3143 4944 6812 2876 9278 8761 1487 1375 6525 773 4332 5363 295 9180 1956 8558 1654 8944 5391 
278 8724 7793 5888 6927 5206 570 3721 9863 5771 2706 2082 5191 6673 2315 6507 1661 2507 8496 2898 8607 1334 7253 9467 9300 4607 6502 3521 1558 6120 
279 9737 9327 313 3315 1048 6347 1228 2530 7315 6566 5600 4719 9299 3392 1529 6074 5538 9646 325 9520 9356 9448 2544 6075 546 447 7361 8628 
280 9831 5644 4796 5793 7160 5181 7973 5924 8552 3776 2456 568 7957 7988 2575 9934 4933 6008 9566 8053 6524 8466 1371 4038 343 126 1254 8215 74 
281 4466 1763 2331 1817 2349 9262 8525 5423 2193 3784 2930 3514 2407 3892 8674 6742 1926 2406 2699 9692 5857 6535 7658 2895 9581 8894 9572 7152 3081 
282 9860 8127 4772 8051 5225 3732 9493 79 684 9152 8601 8295 4146 2681 9023 1121 6179 5463 1470 7549 1721 9648 613 6316 43 6900 9002 5896 7910 
283 5603 1029 8226 8874 2478 9718 5682 1783 7316 2174 9633 2762 7187 5199 2656 2463 1712 2363 1239 7356 1939 5721 283 1730 3799 6931 3403 264 8635 
284 9150 3264 7095 8780 2036 6994 3835 8912 9532 6749 50 2010 5105 2016 3567 7655 2630 3358 3328 7082 3767 5144 9060 4037 6942 1427 4642 2295 
285 5958 4106 1436 6634 9668 3282 1638 8487 2524 8492 7036 1401 9302 6456 7232 9282 6145 587 4652 164 1354 8341 2552 2064 3648 6007 1738 495 
286 2757 8606 5244 3920 6909 9624 898 7865 6311 2688 3261 9653 7876 7739 7275 7756 6203 4320 9625 7069 3735 9714 1446 2249 3908 3091 6625 4593 
287 1565 5232 456 2011 2429 784 8416 1903 2679 7579 5365 880 1523 4984 860 6425 4071 6860 7272 8258 9400 7570 3229 7891 807 2666 2513 5843 8767 4538 
288 5875 7759 5966 8355 6982 4628 5713 9455 4744 942 9888 1860 7075 7236 8841 209 5977 2291 754 630 8396 9937 6065 6798 8519 8781 8958 5914 536 
289 1133 7641 550 9458 7294 6210 5618 9077 7692 8205 4031 321 411 7947 9420 2461 7880 4867 9336 9225 5263 1911 1276 2213 7165 2901 1652 1634 
290 1710 9886 4950 6154 7542 7143 3241 3555 3340 5011 8759 1044 7369 1146 212 1415 4231 9552 5840 6019 7626 2763 5010 3995 9169 5632 5666 8386 6300 
291 6811 8544 2873 5552 4385 5653 1995 7674 4078 6696 352 2043 4582 1144 7852 9118 6511 8920 6684 8047 4444 9376 1929 7507 3119 3955 9353 
292 155 9889 5007 1750 7515 3441 4407 7360 9794 6549 9736 8130 1888 526 2685 8278 7043 1535 4405 8490 3972 8451 5142 6800 7753 4041 6653 6183 7884 1507 
293 8018 5954 1039 6249 8260 8548 1137 3527 6763 4445 8257 7671 7559 429 2113 3691 6322 3003 1624 6948 8569 4771 5791 2281 4415 2566 2188 7321 1636 
294 1178 8643 9416 5528 5309 1219 4103 4672 8645 9148 6689 4503 2183 9768 5503 7237 4818 5613 8428 147 3842 5994 6240 2777 2497 7803 5177 5986 
295 1433 7312 1467 4067 9129 3844 4251 8238 3557 436 399 202 9861 2851 9693 638 7384 644 7209 3030 741 6699 159 8771 4368 6326 1009 3825 8804 
296 6197 8371 8365 2776 9558 2211 7636 1159 5273 4587 6363 4280 3562 2464 1045 9608 6529 3889 7102 4438 6371 5088 2654 5038 6687 2274 7028 1532 5319 
297 2439 2197 553 9796 3517 2143 5125 172 926 1601 4519 3034 8334 9433 1773 2005 9506 5805 4403 1802 7873 5606 6722 3687 5293 2570 1368 3579 7935 
298 6612 2606 5208 9890 9267 6965 589 3202 688 3988 9811 9676 4824 7681 4775 2033 7998 3879 7040 6933 7826 5764 947 5458 64 5373 7177 8617 
299 3038 7900 6346 416 1416 2167 9488 2128 5389 9338 8324 9481 3173 7619 8649 2299 9275 3183 607 6345 7529 8426 1996 8057 5568 7788 1521 7558 
300 6439 5261 7568 9698 4033 628 7487 7525 189 4369 3636 2425 906 3320 5229 3343 8086 5421 7731 1179 409 1231 1442 7504 485 7222 9017 3503 
301 5265 1832 9165 6863 9816 9936 1202 149 4629 8911 1515 6999 1370 8389 4942 6361 9733 4102 6082 2579 2542 8381 350 5701 1957 4980 8036 7654 1647 
302 1665 6556 3257 2875 290 9628 3666 5586 4937 1675 3924 996 236 9823 3722 3300 9139 2659 4371 494 9833 292 7618 691 4701 3307 9187 4820 
303 3041 5556 8976 6755 4155 554 6394 4082 8039 9841 1722 9371 4510 9380 9195 8974 582 6938 8137 3177 5338 1627 856 4797 4531 2142 3158 9699 
304 5678 9053 5845 6167 9620 157 3090 8576 5569 7400 69 2324 91 1313 7087 1818 7545 9775 8562 9964 889 6678 2882 6831 5230 3073 3421 2253 
305 9474 7734 6213 562 1963 5723 4494 3347 1410 4173 390 9088 2538 427 5134 3436 2129 5492 1701 9515 9925 7593 3946 4740 2861 7740 2669 4634 2893 
306 2367 5159 1059 3301 3734 5712 812 3296 2678 5234 7189 4817 4822 5079 4159 1136 6431 5055 7424 3251 4224 2355 10 6630 8844 6672 4961 1867 
307 8853 2190 5951 7637 5533 2632 9873 8797 7337 5167 1117 7406 9951 402 7883 6872 8779 493 413 8625 9896 5282 8208 4402 6618 7120 7155 5773 3912 8384 
308 44 5353 1347 6481 1744 3535 220 5322 9460 5277 6714 3891 2547 9617 6483 3746 6967 385 9708 8330 775 8029 711 7997 3613 5869 2914 2385 2366 
309 7244 435 2151 9351 4248 8574 9466 9761 1796 8329 2501 8988 804 584 7778 6103 1577 8996 175 6644 3220 7196 4704 9352 9243 5371 9846 9477 
310 6427 9857 4389 5112 3263 4475 2991 1237 900 1031 3378 4027 3313 4918 2616 6903 1615 1340 6957 1728 4625 9368 6582 3218 2210 616 7473 8095 
311 5633 6542 9590 7635 8698 9906 8499 6368 1252 4054 1188 9086 2381 132 4722 5442 6222 1155 8290 1100 7547 422 7072 9220 4570 5746 2443 5409 7795 
312 4171 4573 3771 5152 9383 6420 9328 9621 1801 6514 4664 383 4427 6173 3800 366 6491 761 5732 3465 657 9573 3571 2108 5811 1704 7800 6968 5268 
313 8102 8452 8446 6045 7698 2146 4095 401 2157 3166 5321 4731 8615 8277 3002 5841 1566 5080 1940 1618 5468 5932 9971 1717 8748 6636 9970 6586 3951 
314 8032 6890 697 7693 2525 3379 1041 7877 4384 7104 8627 3406 2494 3980 4198 5094 4128 3551 6442 6034 9101 6851 5183 8526 9787 6073 2430 7906 
315 2771 376 3832 1406 4925 7435 6825 4477 251 7454 5577 5290 5416 3381 7858 6437 6301 8022 423 2897 3188 621 9947 7617 9142 3667 6736 1772 
316 2921 2380 7234 1908 1397 8883 7869 9897 5756 7373 9172 9091 5437 2533 3107 6785 9658 8419 2661 6003 5761 7686 1877 1278 3759 4256 3917 8391 
317 5453 8266 3910 7383 6101 5435 2374 7226 1548 4957 2521 9702 5410 3376 1412 6725 7590 306 4669 4006 2209 875 5100 2690 1262 3588 9295 4183 
318 2233 8501 5040 7580 3843 1015 5057 4620 8153 1131 3812 9528 6453 330 4089 6432 9829 8157 8170 1005 8703 8100 9035 9880 1517 11 8235 9329 1176 
319 2445 3967 8542 4238 5611 8438 8990 571 5222 3653 9273 8317 3630 5904 4217 4850 2286 1917 1644 2163 3549 7210 8747 9601 2453 6716 6376 5488 6060 4915 
320 3059 7185 9634 3200 6562 8107 7374 3512 3723 1692 6855 871 9627 8445 9001 5213 8763 5286 8683 9845 4853 9332 6773 7073 3238 1628 9579 1953 1920 
321 6598 8723 5240 543 4435 8161 2278 9222 4314 5368 7811 8146 1708 8590 2943 5005 3457 2971 2487 6788 3394 1702 2362 9660 2558 191 1614 4880 7755 
322 2733 8697 7573 8850 1755 9114 3880 8441 1298 8641 6411 5583 2912 3797 3806 6740 7614 8613 4190 8270 1399 5270 1616 7932 3477 1280 5343 6822 5041 818 
323 7758 1376 5972 9303 1557 4866 6340 4386 2916 5699 5546 9126 8891 108 862 750 9121 7080 1230 71 4724 432 9721 5304 3350 7517 6302 1312 3553 
324 6260 8403 3127 478 5825 9095 5051 5741 5400 6794 8223 9978 5351 6191 6005 5298 5641 8846 2683 9782 4862 6121 9471 7511 3847 5935 8952 6370 5561 4330 
325 2097 2516 9365 4457 2964 9257 7718 2333 5910 5044 7070 8975 915 1293 4470 1220 6767 2520 6838 8824 7084 7168 9 5537 9284 3206 5735 8714 9783 
326 332 9593 3502 2481 2144 8614 6026 7776 73 8210 2508 7770 1002 6828 9762 622 13 7828 2318 1425 3364 5683 3675 827 2925 1542 4223 1183 9837 6013 
327 7589 1816 4056 5030 1504 2125 7326 6204 9083 289 4200 544 227 8093 2203 5269 2465 3890 3243 9643 6 3086 6488 7305 3660 2711 9437 1550 4658 
328 492 8960 8709 8117 9415 5867 6565 2747 8516 3214 8688 5963 5660 6808 5819 916 5647 5883 8185 5457 4232 8429 8921 5015 76 3606 787 5469 
329 5259 8578 3877 5155 4045 7844 1676 1221 8248 6583 4646 4126 1318 8481 9958 668 6105 1780 6758 6956 8734 1154 9513 5818 5881 8595 823 7062 
330 6932 1203 8176 2262 1058 3265 2137 3089 7926 6739 8943 4920 5487 8331 1506 6438 3417 883 5979 9236 1568 8922 4208 3134 4359 1974 4589 4344 232 
331 2634 3876 1364 9684 8871 5065 8593 9476 3903 3911 7783 7535 6996 4375 4602 894 8609 7513 8320 7313 7645 150 9145 1296 1994 6832 8657 2894 4604 
332 1784 8668 9103 2857 1420 1984 3536 850 1524 3674 9419 4046 2396 1143 6059 5946 9667 6077 4117 704 7825 7785 8356 9107 8684 4380 4383 2379 282 2083 
333 1958 3561 8431 107 2572 9815 5317 7604 4133 3233 9689 4442 8800 5853 663 1456 6923 5153 7878 178 153 5887 4911 931 2045 8978 9112 4939 6134 
334 9669 2145 1423 3639 6458 6277 34 133 140 5276 2908 8807 8143 238 5426 6155 8030 2483 2269 3413 5675 2101 9607 2293 7124 2941 7851 2808 7161 
335 2138 4948 5333 9754 1023 720 6617 8531 1063 2537 3363 8906 3455 8924 1503 5745 6883 6038 3548 7050 4101 8634 694 5763 1761 2356 7933 1098 
336 2853 3074 8522 7308 4916 7518 7678 7060 5375 7868 322 4129 66 3093 1552 2347 85 2340 2805 9866 1163 9638 769 7138 2490 250 5786 370 1211 1288 
337 2602 3610 3532 5897 7019 1240 4886 3540 7560 2178 6083 6137 5403 7948 2972 8134 9097 7888 911 9517 2457 9274 1017 3909 8778 2509 1287 3061 9191 
338 8449 4633 8433 4801 9075 604 970 8327 8913 1554 3104 9411 9496 6081 2902 7166 2186 6806 4540 3247 4845 4244 707 8307 6712 6446 8104 5952 410 
339 7832 1414 3459 9929 9272 5944 146 4471 9456 2131 4683 6223 1933 6128 5580 2740 9322 6399 8983 2695 6830 5752 782 1374 3195 6987 7763 2809 1444 
340 4505 9695 4988 270 895 3138 4052 605 4641 4443 6846 531 7765 6114 6062 9059 1597 6620 2791 3821 245 3748 4809 2864 7716 2310 851 4896 1992 
341 834 8545 547 7334 6619 1122 1235 4281 9361 8261 5069 3602 9854 2018 6756 8361 6850 5012 2127 9874 7371 5362 7054 1977 8934 5733 4421 2266 4346 
342 9996 1659 9867 6415 421 4004 8256 1339 1729 8122 8390 6926 2261 5366 3608 213 4655 3292 1285 7633 7496 6732 8851 1336 9111 5547 1606 4234 3142 
343 2819 4580 5491 6654 7975 2235 7909 2686 7992 5027 971 5700 4401 2081 2969 8167 3739 4864 6963 852 7903 1657 9334 2617 7049 3071 9840 6613 
344 3116 9359 9912 3642 2754 3670 1673 6285 2160 5567 4459 9246 8603 5847 1248 2323 9010 715 1564 3484 3596 8473 6540 8787 8845 165 1210 3807 
345 7135 7005 5652 7551 9835 918 8956 3485 2469 8475 9975 9982 3120 9463 3893 7183 8598 5809 1742 1295 5891 1500 9449 2811 8711 1445 5788 9881 3115 
346 5830 956 6244 873 4454 9760 6730 7512 4184 5899 3077 5308 4657 1260 5971 8731 2223 4779 4450 7066 8068 5709 7460 36 516 4946 1026 6941 5516 
347 2920 6955 3990 4317 1324 677 7021 5595 6435 8587 7613 3285 6584 923 5329 7309 1271 4481 9705 4986 5493 987 1585 2071 9252 1392 7245 8582 4746 
348 2821 5369 7983 5461 7322 4390 9241 963 4204 2317 2653 545 4135 4091 9388 7881 8859 1116 2885 2361 4207 4848 5784 4269 4296 3273 3029 2560 4187 
349 5953 4758 8677 3617 5297 8696 8292 9584 799 549 1422 4543 3845 5062 57 269 8528 3067 9928 3393 3786 8162 5139 4107 565 4694 2480 6178 9894 
350 3159 2549 8739 8119 7574 7620 465 2727 1870 5118 1898 9808 5873 642 2236 7777 8719 1365 5060 9662 9330 9003 4663 6703 9163 869 201 
